100, 50, 10, 10
0 0 0.0975676
0 1 0.10633
0 2 -0.0547031
0 3 -0.154047
0 4 0.0468978
0 5 -0.0211802
0 6 0.0523944
0 7 -0.0864954
0 8 -0.173907
0 9 -0.0208893
0 10 0.053218
0 11 -0.0207307
0 12 0.0399002
0 13 -0.0239951
0 14 0.0762352
0 15 -0.0562038
0 16 -0.150812
0 17 -0.0650099
0 18 0.122386
0 19 0.149832
0 20 -0.0272224
0 21 0.0126776
0 22 0.0875342
0 23 -0.00724458
0 24 0.193962
0 25 0.138329
0 26 0.28124
0 27 -0.0384589
0 28 0.177272
0 29 -0.0872636
0 30 0.153995
0 31 -0.103889
0 32 0.00734371
0 33 -0.0413988
0 34 -0.0109755
0 35 0.143122
0 36 0.0309301
0 37 0.057691
0 38 -0.144334
0 39 -0.0499708
0 40 -0.133478
0 41 -0.127131
0 42 -0.233914
0 43 0.0423595
0 44 0.010629
0 45 -0.00103753
0 46 -0.086044
0 47 0.0941189
0 48 -0.0153595
0 49 -0.164766
0 50 -0.0894328
0 51 -0.17216
0 52 0.100004
0 53 0.0406708
0 54 0.00141318
0 55 -0.0494511
0 56 -0.00822393
0 57 -0.207451
0 58 0.0593408
0 59 -0.146553
0 60 0.0532592
0 61 -0.0683324
0 62 0.213078
0 63 0.0964366
0 64 -0.164351
0 65 -0.0701565
0 66 0.0949454
0 67 -0.0952355
0 68 0.0987613
0 69 -0.127597
0 70 0.2557
0 71 -0.0360421
0 72 -0.0162601
0 73 -0.0653955
0 74 -0.155779
0 75 -0.00857112
0 76 -0.168594
0 77 0.247614
0 78 0.14177
0 79 -0.0537731
0 80 0.138762
0 81 -0.0039761
0 82 0.0867233
0 83 -0.00717992
0 84 -0.0952154
0 85 0.0975947
0 86 -0.0388097
0 87 -0.139141
0 88 0.0678629
0 89 -0.0549568
0 90 -0.0967673
0 91 0.0049386
0 92 -0.0604239
0 93 -0.0349057
0 94 0.000577238
0 95 -0.0277099
0 96 0.0453042
0 97 0.00190516
0 98 -0.0297854
0 99 0.0587925
0 100 -0.0331395
0 101 0.099951
0 102 0.0310273
0 103 0.0561267
0 104 0.0662514
0 105 -0.0266894
0 106 -0.18803
0 107 0.0475424
0 108 -0.0236833
0 109 0.0721508
0 110 0.106296
0 111 -0.00397134
0 112 0.0540496
0 113 0.0741229
0 114 0.0842409
0 115 0.0480492
0 116 0.00180991
0 117 -0.102177
0 118 0.0940859
0 119 0.00818348
0 120 -0.0313069
0 121 0.18442
0 122 -0.130432
0 123 -0.0317043
0 124 0.0955541
0 125 -0.0432241
0 126 0.0251476
0 127 0.119896
0 128 -0.0263708
0 129 -0.0783779
0 130 0.0854792
0 131 0.0135197
0 132 -0.0961229
0 133 0.0191057
0 134 0.00668283
0 135 -0.196668
0 136 -0.0656338
0 137 -0.086885
0 138 0.131709
0 139 0.167983
0 140 -0.112801
0 141 -0.0841313
0 142 -0.00316173
0 143 0.0180516
0 144 0.0165978
0 145 -0.0104729
0 146 -0.061987
0 147 -0.131661
0 148 0.0296256
0 149 0.0200902
0 150 0.00716253
0 151 -0.0574476
0 152 0.128902
0 153 -0.0843421
0 154 -0.0714001
0 155 0.0627999
0 156 0.13603
0 157 0.0222494
0 158 -0.0564745
0 159 -0.00310616
0 160 0.0920239
0 161 -0.0510396
0 162 -0.0101118
0 163 -0.0087664
0 164 -0.031299
0 165 -0.0896289
0 166 0.0924238
0 167 -0.0579195
0 168 0.0227593
0 169 0.178858
0 170 -0.115227
0 171 0.0797235
0 172 0.0311121
0 173 0.102898
0 174 -0.0320523
0 175 -0.0824358
0 176 0.103968
0 177 -0.0245707
0 178 -0.0439568
0 179 0.0593771
0 180 -0.0389529
0 181 -0.155149
0 182 -0.0573558
0 183 0.116761
0 184 -0.0578053
0 185 0.0508815
0 186 0.164622
0 187 -0.0389653
0 188 -0.0454942
0 189 -0.0260398
0 190 0.0220355
0 191 0.183571
0 192 0.0460992
0 193 0.186506
0 194 0.113653
0 195 -0.0710013
0 196 0.12031
0 197 0.0584648
0 198 -0.161488
0 199 -0.00606072
0 200 -0.164141
0 201 -0.0462969
0 202 0.0303269
0 203 -0.0452322
0 204 -0.145194
0 205 0.0522038
0 206 -0.0231694
0 207 0.0736206
0 208 0.0976251
0 209 -0.0985982
0 210 -0.0491611
0 211 -0.0134008
0 212 0.0975004
0 213 0.0249841
0 214 0.0469457
0 215 -0.00161249
0 216 -0.10457
0 217 0.0358752
0 218 0.151905
0 219 -0.0893673
0 220 -0.0357457
0 221 0.130982
0 222 0.0335434
0 223 0.00922482
0 224 0.0402876
0 225 0.0226363
0 226 -0.0481612
0 227 0.19217
0 228 0.0235282
0 229 -0.0623517
0 230 -0.126374
0 231 0.0524131
0 232 0.0444455
0 233 -0.0889072
0 234 -0.0236777
0 235 -0.196004
0 236 -0.137854
0 237 -0.0955677
0 238 -0.045113
0 239 -0.0596674
0 240 0.0244497
0 241 0.0448267
0 242 -0.0629726
0 243 -0.0263868
0 244 -0.0695826
0 245 -0.0346365
0 246 -0.0871956
0 247 0.0855041
0 248 0.118491
0 249 0.0743364
0 250 -0.0503775
0 251 -0.0127997
0 252 -0.0985966
0 253 -0.212336
0 254 -0.0957834
0 255 -0.084391
0 256 0.140675
0 257 0.0792476
0 258 0.0445402
0 259 -0.0804428
0 260 0.117063
0 261 0.0117622
0 262 0.19106
0 263 -0.0257764
0 264 -0.0851597
0 265 -0.0112307
0 266 0.214396
0 267 -0.0544111
0 268 -0.0386833
0 269 0.0733279
0 270 -0.000470568
0 271 -0.148366
0 272 0.0341532
0 273 -0.219824
0 274 -0.016828
0 275 -0.0591915
0 276 -0.107172
0 277 0.03865
0 278 -0.0398369
0 279 -0.0881646
0 280 0.0316169
0 281 -0.0390302
0 282 0.0697023
0 283 0.101977
0 284 -0.0428416
0 285 -0.0567321
0 286 -0.0558686
0 287 -0.0185424
0 288 -0.032071
0 289 -0.00573067
0 290 -0.0671716
0 291 -0.186945
0 292 0.0698134
0 293 0.0625344
0 294 0.193217
0 295 -0.160973
0 296 0.0117674
0 297 -0.102073
0 298 -0.00140308
0 299 0.0463552
0 300 -0.212451
0 301 -0.0134172
0 302 -0.0780775
0 303 0.161798
0 304 0.118304
0 305 0.148619
0 306 0.0322782
0 307 0.0159022
0 308 -0.034383
0 309 -0.0091213
0 310 0.124587
0 311 -0.0130962
0 312 -0.0193698
0 313 -0.0517872
0 314 0.101998
0 315 -0.0393477
0 316 -0.10058
0 317 -0.111025
0 318 -0.0320599
0 319 0.0699589
0 320 -0.129644
0 321 0.0307281
0 322 0.0179701
0 323 0.172084
0 324 -0.0156899
0 325 0.0124614
0 326 -0.107555
0 327 -0.124953
0 328 -0.169327
0 329 0.0333291
0 330 0.0437878
0 331 0.0128798
0 332 -0.0180018
0 333 -0.116348
0 334 -0.226935
0 335 -0.0169617
0 336 0.124685
0 337 -0.0581643
0 338 0.14758
0 339 -0.180697
0 340 -0.0662366
0 341 -0.129514
0 342 -0.0682848
0 343 0.0247566
0 344 0.0525007
0 345 0.181653
0 346 -0.0984581
0 347 0.124312
0 348 -0.00293841
0 349 -0.0729612
0 350 0.0379854
0 351 -0.146635
0 352 0.108716
0 353 -0.0184321
0 354 0.0322938
0 355 -0.0752182
0 356 0.0629623
0 357 0.0614854
0 358 -0.0506953
0 359 -0.0803564
0 360 0.0395849
0 361 0.00290919
0 362 -0.284305
0 363 -0.0336731
0 364 0.0273217
0 365 0.0454741
0 366 0.127947
0 367 0.0352144
0 368 -0.0554056
0 369 -0.00412549
0 370 -0.147791
0 371 0.0369991
0 372 -0.0779436
0 373 -0.0238686
0 374 0.057857
0 375 -0.039758
0 376 -0.0827063
0 377 0.0764176
0 378 -0.0840542
0 379 0.18747
0 380 -0.0751985
0 381 0.0931869
0 382 -0.0715549
0 383 -0.0679711
0 384 0.0450204
0 385 0.0118355
0 386 0.299573
0 387 -0.000352119
0 388 0.0118433
0 389 -0.0439063
0 390 -0.0646197
0 391 0.203041
0 392 0.0613047
0 393 0.0578861
0 394 0.166203
0 395 -0.0109191
0 396 0.0326705
0 397 0.00931743
0 398 -0.025017
0 399 -0.0523695
0 400 -0.0443662
0 401 0.00491872
0 402 0.14015
0 403 -0.0980187
0 404 0.085803
0 405 0.0525495
0 406 -0.0431506
0 407 -0.054669
0 408 0.189959
0 409 0.0229311
0 410 -0.0494761
0 411 0.160207
0 412 0.00371626
0 413 0.0956002
0 414 0.0756634
0 415 -0.213757
0 416 -0.0349217
0 417 0.0820303
0 418 -0.0247299
0 419 0.109731
0 420 -0.0118583
0 421 -0.172477
0 422 0.250154
0 423 -0.125967
0 424 -0.0244528
0 425 -0.0804472
0 426 0.0649405
0 427 -0.126901
0 428 0.000105518
0 429 -0.0642819
0 430 0.0802896
0 431 0.233575
0 432 0.131313
0 433 -0.0046119
0 434 0.087885
0 435 -0.00677138
0 436 -0.0193851
0 437 0.130262
0 438 -0.0688475
0 439 0.0984881
0 440 0.128679
0 441 0.0732561
0 442 0.119572
0 443 -0.0369171
0 444 0.0260035
0 445 -0.0127256
0 446 0.0546645
0 447 -0.0193429
0 448 0.0241217
0 449 0.0376528
0 450 -0.12231
0 451 -0.114465
0 452 0.0921157
0 453 -0.028333
0 454 -0.134938
0 455 0.0430214
0 456 -0.0865022
0 457 0.0699605
0 458 0.126925
0 459 -0.0690918
0 460 0.15359
0 461 -0.0652722
0 462 0.00300415
0 463 0.173139
0 464 -0.0200711
0 465 0.0326037
0 466 0.221907
0 467 -0.0459825
0 468 -0.0788993
0 469 0.226032
0 470 -0.00158032
0 471 0.217428
0 472 -0.0927822
0 473 0.117958
0 474 0.080102
0 475 0.00464806
0 476 0.0238482
0 477 -0.00620598
0 478 0.00867439
0 479 0.101304
0 480 -0.0411207
0 481 -0.0443721
0 482 -0.129372
0 483 -0.00132456
0 484 0.0110771
0 485 0.0264871
0 486 0.0746352
0 487 0.109536
0 488 0.00898435
0 489 -0.0922401
0 490 0.0411909
0 491 -0.074065
0 492 -0.0345396
0 493 0.110877
0 494 0.0287781
0 495 -0.0612513
0 496 -0.116181
0 497 -0.0365744
0 498 0.0250008
0 499 -0.107748
0 500 0.0681103
0 501 -0.0975393
0 502 -0.0704835
0 503 0.112303
0 504 0.112746
0 505 0.0545636
0 506 0.113362
0 507 -0.171898
0 508 -0.0179832
0 509 -0.072943
0 510 -0.0361603
0 511 0.184741
0 512 0.0287771
0 513 -0.183141
0 514 -0.0102572
0 515 -0.00904061
0 516 -0.0437275
0 517 0.0542708
0 518 -0.0220785
0 519 0.0520396
0 520 0.127516
0 521 0.0661191
0 522 -0.0364155
0 523 -0.00221948
0 524 0.177927
0 525 -0.0574656
0 526 0.0518681
0 527 0.175991
0 528 0.0114414
0 529 0.0893802
0 530 -0.0289256
0 531 -0.111655
0 532 0.0864973
0 533 -0.0552577
0 534 0.0889286
0 535 -0.0925338
0 536 0.0456768
0 537 0.0899625
0 538 -0.0854398
0 539 -0.0690423
0 540 0.118854
0 541 -0.203881
0 542 -0.0957649
0 543 -0.142216
0 544 0.113928
0 545 0.176104
0 546 -0.000850743
0 547 0.0172133
0 548 0.191151
0 549 0.0608366
0 550 -0.0865325
0 551 -0.0549355
0 552 -0.0434063
0 553 0.0673876
0 554 -0.227066
0 555 -0.0477724
0 556 0.049524
0 557 0.0732615
0 558 0.00141815
0 559 0.0700161
0 560 0.0485751
0 561 -0.138918
0 562 -0.111168
0 563 -0.0427518
0 564 -0.0798242
0 565 -0.00228665
0 566 0.0293023
0 567 -0.119057
0 568 0.118818
0 569 -0.164771
0 570 0.0115379
0 571 -0.0197641
0 572 0.0234957
0 573 -0.169526
0 574 -0.0656375
0 575 -0.110277
0 576 -0.0679418
0 577 0.102889
0 578 -0.17118
0 579 -0.0139071
0 580 0.107198
0 581 0.161462
0 582 0.0197055
0 583 -0.204011
0 584 -0.15143
0 585 -0.046787
0 586 -0.0844312
0 587 0.0478527
0 588 0.101311
0 589 0.0724057
0 590 0.00746089
0 591 0.0275267
0 592 0.043782
0 593 0.0112558
0 594 -0.00454789
0 595 -0.0781791
0 596 0.0828885
0 597 0.149806
0 598 -0.073153
0 599 0.0880306
0 600 0.132173
0 601 -0.0250891
0 602 -0.0768745
0 603 -0.0916018
0 604 -0.0276779
0 605 -0.00371344
0 606 -0.0936294
0 607 0.0715041
0 608 -0.0506602
0 609 0.0464772
0 610 0.129534
0 611 -0.027481
0 612 -0.0299445
0 613 -0.00082762
0 614 0.157473
0 615 0.0124889
0 616 -0.171548
0 617 0.116773
0 618 -0.0563733
0 619 0.0668269
0 620 0.0982532
0 621 -0.0958116
0 622 0.155944
0 623 0.0727228
0 624 -0.00873282
0 625 -0.0970888
0 626 -0.098526
0 627 -0.209849
0 628 -0.0458277
0 629 -0.0809976
0 630 0.069588
0 631 0.117558
0 632 -0.121751
0 633 0.0184596
0 634 0.21065
0 635 -0.114344
0 636 -0.00782554
0 637 0.0385523
0 638 0.0853938
0 639 -0.269465
0 640 -0.128563
0 641 -0.0999048
0 642 -0.00193142
0 643 -0.0020524
0 644 -0.0799835
0 645 -0.0917326
0 646 -0.144042
0 647 -0.10666
0 648 0.0861757
0 649 -0.0178403
0 650 0.102103
0 651 -0.0584586
0 652 0.0416956
0 653 -0.0321647
0 654 -0.248973
0 655 0.0565115
0 656 0.130495
0 657 0.158713
0 658 -0.0548885
0 659 -0.0429391
0 660 0.034704
0 661 -0.229533
0 662 -0.213048
0 663 -0.0448265
0 664 0.00750509
0 665 -0.159709
0 666 -0.0784436
0 667 0.163147
0 668 0.0181519
0 669 0.13966
0 670 -0.2513
0 671 -0.0759309
0 672 -0.116702
0 673 -0.105266
0 674 0.078085
0 675 0.0596073
0 676 0.00897259
0 677 -0.0464357
0 678 0.0250857
0 679 0.037764
0 680 0.171674
0 681 -0.000673313
0 682 -0.097582
0 683 -0.0656232
0 684 -0.0259528
0 685 -0.0985155
0 686 0.102701
0 687 0.0618471
0 688 -0.0463202
0 689 -0.137094
0 690 -0.0220085
0 691 -0.0112349
0 692 0.111821
0 693 -0.029488
0 694 -0.0270005
0 695 0.0681069
0 696 0.00117501
0 697 0.0537598
0 698 0.101697
0 699 0.0457094
0 700 0.0326353
0 701 0.126604
0 702 0.0103657
0 703 -0.0298001
0 704 -0.081952
0 705 0.146203
0 706 0.117859
0 707 0.0261386
0 708 -0.0513496
0 709 0.188963
0 710 0.0848084
0 711 0.0268998
0 712 -0.136148
0 713 0.124956
0 714 -0.00121214
0 715 -0.0659981
0 716 0.0793611
0 717 0.0501114
0 718 -0.0155221
0 719 0.0855611
0 720 -0.0414949
0 721 0.0315071
0 722 0.100882
0 723 0.0588762
0 724 0.083689
0 725 -0.0526562
0 726 -0.0252926
0 727 -0.10051
0 728 0.0556443
0 729 0.107984
0 730 0.106338
0 731 0.183267
0 732 0.0844345
0 733 -0.100872
0 734 0.131183
0 735 0.0383161
0 736 0.210769
0 737 -0.0137003
0 738 -0.0577646
0 739 -0.16958
0 740 -0.0866774
0 741 0.0600108
0 742 -0.264468
0 743 0.173161
0 744 0.0588278
0 745 0.151158
0 746 0.0651758
0 747 0.0735809
0 748 -0.0318536
0 749 -0.228938
0 750 0.133187
0 751 -0.117069
0 752 -0.183134
0 753 -0.0215636
0 754 -0.141991
0 755 -0.150189
0 756 -0.0128761
0 757 0.172302
0 758 0.0688352
0 759 -0.0367546
0 760 -0.0283614
0 761 -0.00891485
0 762 0.148921
0 763 -0.270696
0 764 0.0199189
0 765 0.0401841
0 766 -0.0413427
0 767 0.138324
0 768 0.0156169
0 769 0.0945092
0 770 0.117303
0 771 -0.196496
0 772 0.221177
0 773 -0.151237
0 774 0.084052
0 775 -0.0385557
0 776 0.0335779
0 777 0.158053
0 778 -0.175324
0 779 -0.0156752
0 780 0.0563386
0 781 0.013322
0 782 -0.127937
0 783 0.0876767
0 784 0.0213137
0 785 -0.0624227
0 786 0.0563773
0 787 0.128528
0 788 -0.0678313
0 789 -0.0765008
0 790 0.0749702
0 791 -0.0276379
0 792 0.102117
0 793 0.116669
0 794 0.0326041
0 795 -0.0958627
0 796 -0.0250828
0 797 0.00762615
0 798 -0.0581497
0 799 0.119988
0 800 0.0512851
0 801 -0.0565665
0 802 -0.108516
0 803 0.0365393
0 804 -0.0541364
0 805 -0.0332323
0 806 -0.192202
0 807 -0.00300118
0 808 0.0946524
0 809 0.0926003
0 810 -0.0656939
0 811 -0.0213286
0 812 0.107087
0 813 -0.0940265
0 814 0.0834708
0 815 0.0350621
0 816 0.15303
0 817 0.0071634
0 818 0.112935
0 819 0.237299
0 820 -0.0436089
0 821 0.00055902
0 822 0.00701749
0 823 -0.113475
0 824 -0.0409673
0 825 -0.0300022
0 826 0.0419483
0 827 0.165798
0 828 0.192555
0 829 0.0626111
0 830 0.00434431
0 831 0.0923549
0 832 -0.180175
0 833 -0.157021
0 834 0.0225598
0 835 -0.0636429
0 836 0.123684
0 837 -0.0803666
0 838 0.062096
0 839 0.0439462
0 840 0.00520185
0 841 -0.0936343
0 842 0.191997
0 843 0.127938
0 844 -0.175207
0 845 0.0057671
0 846 -0.0106784
0 847 0.0628242
0 848 -0.0595165
0 849 0.0745082
0 850 -0.0282863
0 851 0.215188
0 852 -0.286999
0 853 0.0310012
0 854 -0.0222178
0 855 -0.0492103
0 856 -0.0307112
0 857 0.042958
0 858 0.135087
0 859 0.0876169
0 860 0.112528
0 861 0.0744708
0 862 0.00066858
0 863 0.0265123
0 864 -0.0613815
0 865 -0.161989
0 866 0.0569293
0 867 0.0377946
0 868 -0.0290556
0 869 0.018585
0 870 -0.0127707
0 871 0.0379344
0 872 -0.00501201
0 873 -0.121595
0 874 0.0647337
0 875 0.0865536
0 876 -0.0755463
0 877 0.0220288
0 878 0.0590089
0 879 0.0630271
0 880 -0.0296054
0 881 0.226168
0 882 0.0238646
0 883 -0.050723
0 884 0.0433228
0 885 -0.065872
0 886 -0.135537
0 887 -0.0925534
0 888 0.16024
0 889 0.232687
0 890 -0.00255326
0 891 -0.0396168
0 892 0.0653729
0 893 -0.0716807
0 894 0.00200069
0 895 0.131654
0 896 -0.0576216
0 897 -0.0669873
0 898 0.126957
0 899 -0.0076312
0 900 -0.0994096
0 901 0.0555833
0 902 0.0621992
0 903 -0.0606084
0 904 0.133828
0 905 0.00330881
0 906 0.0258038
0 907 0.0835007
0 908 -0.143463
0 909 0.06972
0 910 0.0872072
0 911 0.0561388
0 912 -0.0369681
0 913 -0.100083
0 914 0.0499267
0 915 -0.0511716
0 916 0.0762558
0 917 0.19602
0 918 -0.00420957
0 919 -0.158062
0 920 -0.118551
0 921 -0.100024
0 922 0.114561
0 923 -0.00545524
0 924 0.00231712
0 925 0.0976087
0 926 -0.093219
0 927 0.185772
0 928 0.0105273
0 929 -0.0596088
0 930 -0.10973
0 931 0.0431268
0 932 -0.0367093
0 933 0.116916
0 934 -0.117559
0 935 -0.00614481
0 936 0.141473
0 937 -0.257489
0 938 0.111761
0 939 -0.0811943
0 940 0.0987738
0 941 -0.175422
0 942 -0.0940052
0 943 0.100332
0 944 0.0339533
0 945 0.0403224
0 946 -0.0971228
0 947 0.0261248
0 948 0.0319105
0 949 -0.0211605
0 950 0.0865608
0 951 -0.0640917
0 952 0.00782914
0 953 -0.0855992
0 954 0.113939
0 955 0.00447239
0 956 0.0918829
0 957 0.0165173
0 958 0.0807757
0 959 -0.135234
0 960 0.203615
0 961 -0.105138
0 962 0.0301501
0 963 -0.0844533
0 964 0.0325454
0 965 -0.0296448
0 966 0.0586023
0 967 0.0475412
0 968 -0.0348174
0 969 0.118424
0 970 0.0351719
0 971 -0.0641511
0 972 -0.149652
0 973 -0.123574
0 974 -0.189022
0 975 -0.100455
0 976 0.143906
0 977 -0.0175634
0 978 0.188761
0 979 0.113667
0 980 -0.0975107
0 981 0.124263
0 982 -0.0522096
0 983 -0.0208864
0 984 -0.0429391
0 985 -0.074458
0 986 0.187171
0 987 0.107789
0 988 -0.260516
0 989 0.0748395
0 990 -0.0929484
0 991 -0.0336642
0 992 -0.0483807
0 993 -0.0949031
0 994 0.224129
0 995 0.0333627
0 996 -0.0766555
0 997 -0.057341
0 998 -0.0652332
0 999 -0.0363906
0 1000 0.00176906
0 1001 0.109438
0 1002 -0.0227759
0 1003 -0.0656173
0 1004 -0.08574
0 1005 -0.125187
0 1006 -0.122918
0 1007 -0.0565425
0 1008 0.129233
0 1009 -0.0121612
0 1010 0.0435054
0 1011 0.0409343
0 1012 0.115618
0 1013 -0.0953189
0 1014 -0.0535907
0 1015 -0.152869
0 1016 0.000740435
0 1017 0.203517
0 1018 0.113406
0 1019 -0.194393
0 1020 -0.0212147
0 1021 0.0526787
0 1022 0.199673
0 1023 -0.0149572
0 1024 0.103176
0 1025 -0.124501
0 1026 0.0205574
0 1027 -0.142109
0 1028 0.0674789
0 1029 -0.0416373
0 1030 -0.0298056
0 1031 0.0182164
0 1032 -0.0459988
0 1033 0.0701519
0 1034 -0.172631
0 1035 -0.143536
0 1036 -0.0788714
0 1037 0.0379405
0 1038 -0.0595573
0 1039 0.0570811
0 1040 -0.0027328
0 1041 0.11752
0 1042 -0.031026
0 1043 0.211021
0 1044 -0.0580627
0 1045 0.0423433
0 1046 0.0588071
0 1047 -0.0462892
0 1048 0.0393248
0 1049 -0.23788
0 1050 0.028625
0 1051 0.129614
0 1052 -0.0375525
0 1053 -0.0148499
0 1054 -0.0706994
0 1055 0.000603365
0 1056 -0.00142099
0 1057 0.0177124
0 1058 0.00613454
0 1059 -0.0504098
0 1060 -0.0426808
0 1061 0.192792
0 1062 0.134455
0 1063 0.0763583
0 1064 0.134503
0 1065 0.114198
0 1066 0.0308227
0 1067 -0.129947
0 1068 0.0360319
0 1069 -0.0276964
0 1070 -0.0815508
0 1071 0.0537705
0 1072 0.00424366
0 1073 -0.00950481
0 1074 -0.0554578
0 1075 -0.0512489
0 1076 -0.232783
0 1077 0.136325
0 1078 -0.0209513
0 1079 0.187419
0 1080 -0.0078926
0 1081 0.0931898
0 1082 -0.0990492
0 1083 -0.0813695
0 1084 -0.0331831
0 1085 -0.0940807
0 1086 0.0581808
0 1087 0.0106744
0 1088 -0.0133581
0 1089 0.0853765
0 1090 0.0096683
0 1091 -0.110075
0 1092 -0.0622928
0 1093 -0.0507132
0 1094 0.0611531
0 1095 -0.0490244
0 1096 -0.193345
0 1097 -0.0279655
0 1098 -0.0302174
0 1099 0.148158
0 1100 -0.0477963
0 1101 0.164294
0 1102 0.0367212
0 1103 0.00171222
0 1104 -0.0163456
0 1105 0.0181207
0 1106 -0.0493064
0 1107 0.145148
0 1108 0.0667517
0 1109 0.160092
0 1110 -0.0851124
0 1111 0.0666268
0 1112 0.239181
0 1113 0.0686248
0 1114 0.0228849
0 1115 -0.0544364
0 1116 0.153202
0 1117 -0.198865
0 1118 -0.00137548
0 1119 -0.0427206
0 1120 0.00577761
0 1121 0.0285471
0 1122 0.0561409
0 1123 0.0246034
0 1124 -0.122972
0 1125 0.0692355
0 1126 0.0336003
0 1127 -0.0871253
0 1128 -0.106488
0 1129 0.0999823
0 1130 -0.0659088
0 1131 -0.0550142
0 1132 -0.026174
0 1133 0.0260419
0 1134 0.0266771
0 1135 0.0755242
0 1136 0.211694
0 1137 -0.0363074
0 1138 -0.111012
0 1139 -0.16542
0 1140 0.0262146
0 1141 0.0403692
0 1142 -0.0125689
0 1143 -0.108491
0 1144 0.108585
0 1145 0.0620761
0 1146 0.0883511
0 1147 -0.0977088
0 1148 0.0373346
0 1149 -0.0765956
0 1150 0.0950727
0 1151 0.00512602
0 1152 -0.040477
0 1153 -0.00917769
0 1154 -0.0667602
0 1155 0.0599939
0 1156 0.214626
0 1157 -0.0318476
0 1158 -0.0373007
0 1159 -0.0453642
0 1160 0.0588296
0 1161 0.00462661
0 1162 0.107538
0 1163 0.0024742
0 1164 -0.125348
0 1165 -0.115127
0 1166 0.0487503
0 1167 -0.104043
0 1168 -0.191461
0 1169 0.102461
0 1170 -0.0112118
0 1171 0.0615501
0 1172 -0.0184903
0 1173 -0.206716
0 1174 -0.0692847
0 1175 -0.0735062
0 1176 0.0499578
0 1177 -0.128634
0 1178 0.15278
0 1179 -0.0623282
0 1180 0.0528194
0 1181 0.0561987
0 1182 -0.00110068
0 1183 -0.15382
0 1184 -0.0659518
0 1185 0.0206127
0 1186 -0.0665979
0 1187 -0.0929604
0 1188 0.0346759
0 1189 0.0320731
0 1190 -0.0756104
0 1191 -0.0719197
0 1192 -0.0364197
0 1193 0.080962
0 1194 -0.0595154
0 1195 -0.0785497
0 1196 -0.0100512
0 1197 0.0120745
0 1198 -0.10617
0 1199 0.00998099
0 1200 0.0716409
0 1201 0.214645
0 1202 0.0623118
0 1203 -0.0106908
0 1204 -0.22806
0 1205 0.152712
0 1206 -0.0245067
0 1207 -0.0877878
0 1208 0.0903865
0 1209 0.140988
0 1210 0.0761675
0 1211 -0.0189695
0 1212 -0.175195
0 1213 0.0114255
0 1214 0.0631414
0 1215 0.041742
0 1216 0.166822
0 1217 -0.0107486
0 1218 0.173217
0 1219 -0.0327412
0 1220 0.218936
0 1221 0.0630889
0 1222 0.0506893
0 1223 0.0381643
0 1224 -0.108992
0 1225 0.0681261
0 1226 -0.000305881
0 1227 -0.0822279
0 1228 0.0228025
0 1229 -0.0582311
0 1230 -0.140606
0 1231 -0.187253
0 1232 0.0798538
0 1233 0.0746795
0 1234 -0.192832
0 1235 -0.096863
0 1236 -0.0865203
0 1237 0.156993
0 1238 0.0238678
0 1239 -0.0253293
0 1240 -0.23491
0 1241 -0.014955
0 1242 0.01017
0 1243 -0.199047
0 1244 0.030732
0 1245 -0.0656291
0 1246 0.0714629
0 1247 -0.121765
0 1248 0.103482
0 1249 -0.0355073
0 1250 -0.0903255
0 1251 -0.0756891
0 1252 0.267325
0 1253 0.0175485
0 1254 -0.00452865
0 1255 0.0231616
0 1256 0.0275562
0 1257 -0.141154
0 1258 -0.131263
0 1259 0.0206913
0 1260 -0.0528293
0 1261 0.0971048
0 1262 -0.0793456
0 1263 -0.191656
0 1264 -0.154783
0 1265 0.0514743
0 1266 0.16373
0 1267 0.0502285
0 1268 -0.0363108
0 1269 0.191581
0 1270 -0.0827027
0 1271 0.0325614
0 1272 0.0041652
0 1273 0.0396307
0 1274 -0.0263574
0 1275 -0.105
0 1276 -0.122491
0 1277 0.133856
0 1278 -0.0345037
0 1279 -0.0528932
0 1280 0.0469191
0 1281 -0.01278
0 1282 0.0804641
0 1283 0.182537
0 1284 -0.0398815
0 1285 -0.070723
0 1286 0.0372955
0 1287 -0.100254
0 1288 -0.0333712
0 1289 -0.145724
0 1290 0.0964337
0 1291 0.0510856
0 1292 0.0226201
0 1293 0.101176
0 1294 -0.103643
0 1295 0.188331
0 1296 -0.0207703
0 1297 0.0230338
0 1298 -0.0621783
0 1299 -0.109642
0 1300 0.0373465
0 1301 -0.0227946
0 1302 -0.0357361
0 1303 0.151259
0 1304 0.0612557
0 1305 0.015311
0 1306 -0.230694
0 1307 -0.116928
0 1308 -0.00476689
0 1309 0.0928594
0 1310 0.0837711
0 1311 0.036085
0 1312 -0.035875
0 1313 0.0272322
0 1314 -0.0255567
0 1315 -0.197348
0 1316 0.0869014
0 1317 -0.116168
0 1318 0.0376546
0 1319 0.0234754
0 1320 0.0566911
0 1321 -0.158137
0 1322 0.0697974
0 1323 -0.108127
0 1324 -0.0437681
0 1325 -0.0244589
0 1326 -0.0879675
0 1327 0.0899465
0 1328 0.00810452
0 1329 -0.0572368
0 1330 -0.046544
0 1331 -0.0950782
0 1332 -0.0365212
0 1333 0.00961538
0 1334 -0.0648122
0 1335 0.0500874
0 1336 -0.0776025
0 1337 0.177554
0 1338 0.147716
0 1339 -0.132314
0 1340 -0.0867611
0 1341 0.227078
0 1342 -0.157221
0 1343 -0.0416966
0 1344 -0.0708846
0 1345 -0.00558558
0 1346 0.0765532
0 1347 -0.219222
0 1348 0.0690117
0 1349 -0.0350236
0 1350 -0.0036985
0 1351 -0.0559055
0 1352 -0.0131536
0 1353 0.018242
0 1354 -0.0757346
0 1355 -0.0205318
0 1356 0.00506554
0 1357 -0.0523335
0 1358 -0.101852
0 1359 -0.0472952
0 1360 -0.185444
0 1361 -0.0113266
0 1362 -0.019242
0 1363 -0.0886231
0 1364 -0.0590943
0 1365 0.120984
0 1366 0.0472557
0 1367 0.11681
0 1368 -0.000447152
0 1369 -0.0125535
0 1370 0.0329801
0 1371 0.0227616
0 1372 -0.106875
0 1373 -0.0366289
0 1374 0.137914
0 1375 -0.0774966
0 1376 -0.0762572
0 1377 0.0939578
0 1378 0.000264563
0 1379 0.00515733
0 1380 -0.115835
0 1381 0.00513734
0 1382 -0.152878
0 1383 -0.0464566
0 1384 0.0504456
0 1385 -0.0177736
0 1386 0.0885755
0 1387 -0.130935
0 1388 -0.0979208
0 1389 0.0889082
0 1390 -0.0843072
0 1391 0.00642461
0 1392 -0.0164462
0 1393 -0.0313568
0 1394 0.165656
0 1395 0.0491113
0 1396 0.00735356
0 1397 -0.103137
0 1398 0.0156736
0 1399 0.0462555
0 1400 0.0267221
0 1401 -0.147236
0 1402 -0.036679
0 1403 -0.138707
0 1404 0.0634028
0 1405 0.0795508
0 1406 -0.0723607
0 1407 0.0651888
0 1408 -0.025956
0 1409 0.0671481
0 1410 -0.0995172
0 1411 0.0164072
0 1412 0.107989
0 1413 -0.0439567
0 1414 -0.0373017
0 1415 0.104398
0 1416 -0.0990643
0 1417 0.0525953
0 1418 0.0405395
0 1419 0.0749954
0 1420 0.0280297
0 1421 -0.0631217
0 1422 0.100628
0 1423 0.242483
0 1424 -0.0775535
0 1425 0.0802375
0 1426 0.133155
0 1427 -0.084901
0 1428 0.0315499
0 1429 -0.0984025
0 1430 -0.0398405
0 1431 -0.0279668
0 1432 0.126321
0 1433 -0.0444756
0 1434 0.130667
0 1435 0.0174299
0 1436 0.0664709
0 1437 0.158597
0 1438 -0.0501156
0 1439 -0.161603
0 1440 0.103178
0 1441 0.0589798
0 1442 0.114704
0 1443 -0.169497
0 1444 -0.0608165
0 1445 0.0878293
0 1446 -0.0010648
0 1447 -0.0012813
0 1448 0.00217037
0 1449 0.122572
0 1450 0.0405373
0 1451 0.0120426
0 1452 0.0275335
0 1453 0.0362935
0 1454 -0.0604396
0 1455 0.0640883
0 1456 0.135922
0 1457 0.0931525
0 1458 0.281026
0 1459 -0.0389283
0 1460 0.0917322
0 1461 -0.132418
0 1462 0.0156988
0 1463 0.0667776
0 1464 -0.0216406
0 1465 0.0940129
0 1466 -0.0736957
0 1467 -0.0336628
0 1468 -0.0252938
0 1469 0.0265295
0 1470 -0.0276914
0 1471 0.0651798
0 1472 0.140912
0 1473 0.0364547
0 1474 0.0311303
0 1475 -0.0983753
0 1476 0.0275047
0 1477 0.108523
0 1478 0.00733842
0 1479 -0.0132435
0 1480 0.0767818
0 1481 0.0804342
0 1482 0.0579214
0 1483 -0.0849841
0 1484 -0.091928
0 1485 0.164049
0 1486 0.120277
0 1487 -0.0235669
0 1488 0.00941816
0 1489 -0.109011
0 1490 0.135571
0 1491 -0.141555
0 1492 0.00103414
0 1493 -0.0203452
0 1494 -0.0128879
0 1495 -0.00821451
0 1496 0.0979858
0 1497 0.0270967
0 1498 -0.063244
0 1499 -0.123979
0 1500 -0.194361
0 1501 0.135572
0 1502 -0.0930808
0 1503 0.116862
0 1504 0.0983856
0 1505 0.0990586
0 1506 -0.0115769
0 1507 -0.028898
0 1508 0.175308
0 1509 0.0336321
0 1510 0.0710914
0 1511 -0.0659368
0 1512 0.101284
0 1513 0.162676
0 1514 -0.0641627
0 1515 0.0907034
0 1516 0.1073
0 1517 0.200262
0 1518 0.0480455
0 1519 0.0420655
0 1520 -0.156339
0 1521 0.222811
0 1522 0.132141
0 1523 0.105407
0 1524 0.0523266
0 1525 -0.0394759
0 1526 -0.0632989
0 1527 0.0770791
0 1528 -0.104514
0 1529 -0.0822228
0 1530 -0.111063
0 1531 0.140929
0 1532 -0.141317
0 1533 -0.0778388
0 1534 0.0765715
0 1535 -0.010677
0 1536 -0.0433736
0 1537 0.134543
0 1538 0.111439
0 1539 -0.107079
0 1540 -0.108734
0 1541 0.0695203
0 1542 0.0519039
0 1543 -0.00614799
0 1544 -0.067076
0 1545 -0.0748785
0 1546 0.0717808
0 1547 0.0125062
0 1548 0.207902
0 1549 0.0611527
0 1550 0.076608
0 1551 -0.000256873
0 1552 -0.176616
0 1553 -0.062315
0 1554 -0.0162285
0 1555 0.0503792
0 1556 -0.0502611
0 1557 -0.00139952
0 1558 0.00271456
0 1559 -0.0763197
0 1560 -0.0882321
0 1561 0.0285005
0 1562 -0.0127033
0 1563 0.012595
0 1564 -0.0467939
0 1565 0.12406
0 1566 -0.0526962
0 1567 0.0789583
0 1568 0.100573
0 1569 0.00155749
0 1570 0.194234
0 1571 -0.156382
0 1572 -0.103077
0 1573 -0.0175397
0 1574 0.163713
0 1575 0.0656381
0 1576 0.0738074
0 1577 0.203553
0 1578 0.0186198
0 1579 0.0551736
0 1580 0.0460404
0 1581 0.0396732
0 1582 -0.0579164
0 1583 0.147207
0 1584 -0.11894
0 1585 0.123715
0 1586 -0.129135
0 1587 0.0993123
0 1588 -0.0961282
0 1589 -0.062384
0 1590 -0.0280503
0 1591 -0.072878
0 1592 0.105425
0 1593 -0.147658
0 1594 -0.213885
0 1595 0.165842
0 1596 0.190191
0 1597 0.0260037
0 1598 0.0412407
0 1599 0.033435
0 1600 0.0220631
0 1601 0.0643823
0 1602 -0.122113
0 1603 -0.0297745
0 1604 0.140408
0 1605 0.0610872
0 1606 4.48271e-05
0 1607 -0.141635
0 1608 0.0275417
0 1609 0.000978234
0 1610 -0.0237353
0 1611 0.00861466
0 1612 -0.109126
0 1613 -0.163406
0 1614 0.138486
0 1615 0.0760237
0 1616 0.0824015
0 1617 0.0231172
0 1618 0.132144
0 1619 -0.0355145
0 1620 0.00902585
0 1621 -0.0721379
0 1622 -0.118325
0 1623 -0.0795173
0 1624 -0.0636154
0 1625 -0.215404
0 1626 0.0925393
0 1627 0.0543103
0 1628 0.0439895
0 1629 -0.0587759
0 1630 0.0528998
0 1631 -0.0590333
0 1632 0.0407014
0 1633 -0.029408
0 1634 -0.153643
0 1635 -0.0628989
0 1636 0.0280332
0 1637 0.0503916
0 1638 0.116922
0 1639 -0.176295
0 1640 0.164095
0 1641 0.0652434
0 1642 0.160044
0 1643 -0.0231547
0 1644 -0.028962
0 1645 0.125604
0 1646 0.119859
0 1647 -0.178934
0 1648 -0.0342041
0 1649 -0.0661998
0 1650 0.0872814
0 1651 -0.0201902
0 1652 -0.0043086
0 1653 -0.0253586
0 1654 0.125174
0 1655 -0.0553767
0 1656 0.102632
0 1657 0.0211981
0 1658 -0.10545
0 1659 -0.131464
0 1660 0.0501742
0 1661 0.0944355
0 1662 0.207051
0 1663 -0.146628
0 1664 0.120667
0 1665 0.0450195
0 1666 -0.0249649
0 1667 0.137578
0 1668 0.112204
0 1669 0.122483
0 1670 -0.040789
0 1671 -0.131093
0 1672 -0.103785
0 1673 0.0158083
0 1674 0.0740492
0 1675 0.113224
0 1676 0.0147709
0 1677 0.135748
0 1678 0.00403954
0 1679 0.055941
0 1680 -0.0184448
0 1681 -0.0695308
0 1682 0.0608644
0 1683 0.0457677
0 1684 -0.038658
0 1685 -0.100256
0 1686 -0.0393929
0 1687 -0.0269057
0 1688 -0.0583485
0 1689 -0.0141076
0 1690 -0.0047371
0 1691 -0.148363
0 1692 -0.000246448
0 1693 -0.109561
0 1694 0.139386
0 1695 0.17709
0 1696 0.00135652
0 1697 0.0392976
0 1698 0.0266761
0 1699 0.107669
0 1700 -0.0152321
0 1701 -0.00498065
0 1702 0.0297218
0 1703 -0.0986825
0 1704 0.133513
0 1705 -0.00827131
0 1706 0.240349
0 1707 0.110816
0 1708 -0.00241281
0 1709 -0.00222632
0 1710 0.0413236
0 1711 -0.0661692
0 1712 -0.0278124
0 1713 -0.148072
0 1714 -0.0224692
0 1715 0.0797514
0 1716 0.0309393
0 1717 -0.0336381
0 1718 -0.0185018
0 1719 0.00247465
0 1720 -0.00865031
0 1721 -0.00874008
0 1722 0.0743672
0 1723 -0.0223973
0 1724 -0.101689
0 1725 0.091262
0 1726 -0.0510404
0 1727 0.0101434
0 1728 -0.0165854
0 1729 0.0158131
0 1730 -0.110577
0 1731 -0.152102
0 1732 -0.0750071
0 1733 0.192085
0 1734 0.182813
0 1735 0.0138804
0 1736 -0.0274035
0 1737 -0.120217
0 1738 -0.0843066
0 1739 0.0203286
0 1740 0.0216793
0 1741 0.113453
0 1742 0.0214813
0 1743 0.00278161
0 1744 -0.0654393
0 1745 -0.0418539
0 1746 0.115348
0 1747 0.0718042
0 1748 -0.165966
0 1749 0.00266898
0 1750 0.21579
0 1751 -0.0662774
0 1752 -0.0318947
0 1753 -0.0137508
0 1754 0.0476793
0 1755 0.0401614
0 1756 0.0662538
0 1757 -0.0475405
0 1758 0.046428
0 1759 0.0460788
0 1760 0.175099
0 1761 0.0938568
0 1762 -0.0508181
0 1763 0.114308
0 1764 0.0488342
0 1765 -0.0268468
0 1766 0.110529
0 1767 -0.0634838
0 1768 0.0862444
0 1769 0.180776
0 1770 0.0245468
0 1771 0.096671
0 1772 -0.0244363
0 1773 -0.0444652
0 1774 -0.0473684
0 1775 0.122907
0 1776 0.0056374
0 1777 -0.13094
0 1778 0.0367381
0 1779 0.00995169
0 1780 0.0205165
0 1781 0.0320011
0 1782 -0.0990003
0 1783 -0.0861332
0 1784 0.0249017
0 1785 -0.0255519
0 1786 0.0251233
0 1787 0.101645
0 1788 -0.0611923
0 1789 -0.0943223
0 1790 0.0490354
0 1791 -0.0815513
0 1792 -0.0332824
0 1793 -0.0394424
0 1794 -0.0164522
0 1795 0.10167
0 1796 0.0942794
0 1797 0.146205
0 1798 0.00972209
0 1799 0.201386
0 1800 -0.0510863
0 1801 -0.0200255
0 1802 0.211944
0 1803 -0.169942
0 1804 -0.0844284
0 1805 0.0991553
0 1806 -0.0775214
0 1807 -0.00982097
0 1808 0.140164
0 1809 -0.0470913
0 1810 -0.0536684
0 1811 -0.225138
0 1812 -0.0577301
0 1813 -0.0717994
0 1814 -0.103503
0 1815 -0.0384323
0 1816 -0.104657
0 1817 0.0430471
0 1818 -0.0738899
0 1819 -0.246249
0 1820 -0.00843694
0 1821 -0.0108797
0 1822 -0.0408915
0 1823 0.0771712
0 1824 -0.0472794
0 1825 -0.0350444
0 1826 0.106567
0 1827 -0.129173
0 1828 -0.139383
0 1829 0.071227
0 1830 -0.0174087
0 1831 0.0716587
0 1832 -0.0191076
0 1833 0.0973067
0 1834 0.0104043
0 1835 -0.109082
0 1836 -0.0307034
0 1837 -0.239426
0 1838 0.0443464
0 1839 0.0247731
0 1840 -0.0366437
0 1841 0.094827
0 1842 -0.00721248
0 1843 0.172385
0 1844 -0.0305275
0 1845 -0.0677613
0 1846 0.0678056
0 1847 0.228347
0 1848 0.139231
0 1849 0.0239491
0 1850 -0.0455144
0 1851 0.0786308
0 1852 0.0412976
0 1853 -0.162054
0 1854 -0.00256004
0 1855 0.080955
0 1856 0.00956421
0 1857 0.0532535
0 1858 -0.113053
0 1859 -0.0339117
0 1860 -0.00801518
0 1861 0.0873955
0 1862 -0.100417
0 1863 -0.105175
0 1864 -0.111577
0 1865 -0.124167
0 1866 0.165444
0 1867 -0.0644252
0 1868 -0.151227
0 1869 -0.0567125
0 1870 0.0668245
0 1871 0.0115042
0 1872 0.0019549
0 1873 0.208642
0 1874 -0.159556
0 1875 0.0996148
0 1876 0.0445283
0 1877 -0.229752
0 1878 -0.117594
0 1879 -0.0801735
0 1880 0.158087
0 1881 -0.0741996
0 1882 -0.171086
0 1883 0.0145405
0 1884 -0.00440856
0 1885 -0.103298
0 1886 -0.0134827
0 1887 0.0260766
0 1888 0.0953691
0 1889 0.172025
0 1890 0.087534
0 1891 -0.0213815
0 1892 -0.0371787
0 1893 0.0467517
0 1894 -0.0819037
0 1895 -0.0929167
0 1896 -0.0644751
0 1897 -0.122749
0 1898 0.0858855
0 1899 -0.00475988
0 1900 0.0328629
0 1901 0.117322
0 1902 -0.00828229
0 1903 -0.0242154
0 1904 -0.0306389
0 1905 -0.00403159
0 1906 0.105175
0 1907 0.0713377
0 1908 -0.0439019
0 1909 0.0817524
0 1910 0.134476
0 1911 -0.035071
0 1912 -0.0623055
0 1913 0.0519229
0 1914 -0.0527896
0 1915 0.00467169
0 1916 0.034004
0 1917 0.0514766
0 1918 0.060804
0 1919 -0.108143
0 1920 -0.0608015
0 1921 0.105757
0 1922 0.0404809
0 1923 -0.0842869
0 1924 0.0272604
0 1925 0.0321325
0 1926 -0.0113553
0 1927 -0.0559649
0 1928 0.0123593
0 1929 0.0446631
0 1930 0.17715
0 1931 -0.108967
0 1932 -0.0455767
0 1933 0.0413275
0 1934 0.0749285
0 1935 -0.0323911
0 1936 0.0970117
0 1937 -0.11392
0 1938 0.0963714
0 1939 -0.0616722
0 1940 0.0235588
0 1941 -0.102826
0 1942 0.0740951
0 1943 -0.0358625
0 1944 -0.147599
0 1945 0.0864255
0 1946 -0.102587
0 1947 -0.0147324
0 1948 -0.0263657
0 1949 -0.132548
0 1950 -0.100729
0 1951 -0.0406171
0 1952 0.0821343
0 1953 0.0795935
0 1954 0.0150521
0 1955 0.0817429
0 1956 0.00233103
0 1957 0.116623
0 1958 0.0977314
0 1959 0.177094
0 1960 -0.1502
0 1961 -0.0421104
0 1962 0.100949
0 1963 -0.0949766
0 1964 0.0760288
0 1965 -0.0192784
0 1966 -0.0271247
0 1967 0.0579143
0 1968 -0.0485413
0 1969 -0.111334
0 1970 0.19333
0 1971 -0.053645
0 1972 0.0380947
0 1973 0.0967253
0 1974 0.0215555
0 1975 0.0829381
0 1976 -0.0457412
0 1977 -0.12846
0 1978 0.145834
0 1979 -0.0257782
0 1980 0.030321
0 1981 -0.141136
0 1982 0.0151769
0 1983 0.131464
0 1984 -0.048678
0 1985 0.0535607
0 1986 -0.0243464
0 1987 0.0754603
0 1988 0.110412
0 1989 0.105469
0 1990 0.124626
0 1991 -0.0232393
0 1992 0.140582
0 1993 -0.112007
0 1994 -0.0912414
0 1995 -0.0877857
0 1996 0.180769
0 1997 -0.0538327
0 1998 -0.19771
0 1999 0.0113361
0 2000 -0.202036
0 2001 -0.0271501
0 2002 0.0558769
0 2003 0.0622418
0 2004 0.0378925
0 2005 -0.000624067
0 2006 0.0325236
0 2007 0.0397118
0 2008 -0.0976591
0 2009 -0.0948076
0 2010 -0.228516
0 2011 -0.0366346
0 2012 0.137485
0 2013 0.171861
0 2014 0.109454
0 2015 -0.126039
0 2016 -0.00371511
0 2017 -0.0337324
0 2018 0.0647294
0 2019 -0.0717461
0 2020 0.127939
0 2021 0.0909263
0 2022 -0.0491033
0 2023 0.0870079
0 2024 -0.0204979
0 2025 0.051583
0 2026 -0.17089
0 2027 0.0678136
0 2028 -0.0426201
0 2029 0.0633762
0 2030 0.100213
0 2031 0.152339
0 2032 0.178044
0 2033 0.100082
0 2034 -0.0281157
0 2035 0.0719803
0 2036 0.075802
0 2037 0.0777766
0 2038 -0.0486911
0 2039 -0.0320922
0 2040 -0.0627007
0 2041 0.100947
0 2042 0.0554193
0 2043 0.0927581
0 2044 0.00791096
0 2045 -0.09934
0 2046 -0.115603
0 2047 -0.0870347
0 2048 -0.0482973
0 2049 0.127936
0 2050 0.0805831
0 2051 -0.13611
0 2052 -0.0992834
0 2053 -0.158127
0 2054 0.111778
0 2055 -0.0706274
0 2056 -0.0845439
0 2057 -0.0836878
0 2058 -0.117834
0 2059 0.0214131
0 2060 -7.86024e-05
0 2061 -0.0460313
0 2062 0.0872515
0 2063 -0.0565868
0 2064 0.0532742
0 2065 0.107217
0 2066 0.211146
0 2067 -0.0593618
0 2068 -0.0670051
0 2069 0.213405
0 2070 0.0102191
0 2071 0.0296844
0 2072 -0.0613
0 2073 -0.0292713
0 2074 0.0868497
0 2075 0.11267
0 2076 0.0515623
0 2077 -0.072881
0 2078 -0.0590792
0 2079 0.0318304
0 2080 0.0708001
0 2081 0.141144
0 2082 -0.163187
0 2083 0.110895
0 2084 0.0873826
0 2085 0.0364893
0 2086 0.0565778
0 2087 0.0175396
0 2088 -0.115911
0 2089 0.102166
0 2090 0.0185742
0 2091 0.0439361
0 2092 0.149892
0 2093 -0.0843291
0 2094 0.0539902
0 2095 -0.0294865
0 2096 -0.137759
0 2097 0.171547
0 2098 0.00765748
0 2099 -0.119988
0 2100 0.0856359
0 2101 0.0337207
0 2102 0.047277
0 2103 -0.183263
0 2104 0.0512404
0 2105 -0.0502172
0 2106 -0.10655
0 2107 0.0328677
0 2108 -0.185954
0 2109 0.0807088
0 2110 -0.103465
0 2111 0.0435835
0 2112 0.00694473
0 2113 0.051491
0 2114 0.0167467
0 2115 0.10635
0 2116 -0.119733
0 2117 -0.0113903
0 2118 -0.0514819
0 2119 -0.142748
0 2120 0.0748647
0 2121 0.0563229
0 2122 0.0391175
0 2123 0.0906878
0 2124 -0.190896
0 2125 0.0993924
0 2126 -0.0470204
0 2127 -0.00652972
0 2128 0.0240361
0 2129 -0.0292852
0 2130 0.0331324
0 2131 0.0273539
0 2132 -0.151687
0 2133 -0.0290675
0 2134 -0.0353615
0 2135 -0.15929
0 2136 -0.0287809
0 2137 -0.0644845
0 2138 -0.0754411
0 2139 0.0559095
0 2140 0.0697289
0 2141 0.00925623
0 2142 0.134189
0 2143 0.0554401
0 2144 0.0621081
0 2145 0.12551
0 2146 1.23056e-05
0 2147 0.0139004
0 2148 -0.0432952
0 2149 0.0124109
0 2150 0.0227443
0 2151 0.0636223
0 2152 -0.0649963
0 2153 -0.147848
0 2154 -0.0877416
0 2155 -0.0551941
0 2156 0.0810773
0 2157 -0.115975
0 2158 0.110057
0 2159 -0.0155879
0 2160 -0.0599235
0 2161 -0.00991222
0 2162 0.00722782
0 2163 0.0122149
0 2164 0.0463603
0 2165 0.0162396
0 2166 -0.091179
0 2167 -0.00469555
0 2168 -0.0681964
0 2169 0.0151758
0 2170 0.00641646
0 2171 0.0431726
0 2172 0.0793968
0 2173 -0.033026
0 2174 -0.0464064
0 2175 4.11551e-05
0 2176 0.0476852
0 2177 0.0942861
0 2178 -0.137846
0 2179 -0.0354172
0 2180 -0.0121045
0 2181 0.049503
0 2182 -0.0599568
0 2183 -0.0682826
0 2184 0.00927877
0 2185 0.00997905
0 2186 0.0438422
0 2187 0.063773
0 2188 -0.0222962
0 2189 -0.0580466
0 2190 0.0588534
0 2191 0.0352507
0 2192 0.0934199
0 2193 -0.0863591
0 2194 -0.0675647
0 2195 0.130892
0 2196 -0.0430333
0 2197 0.115351
0 2198 0.257082
0 2199 0.10342
0 2200 0.109341
0 2201 -0.0876286
0 2202 0.153847
0 2203 0.0350034
0 2204 -0.00900615
0 2205 0.00527362
0 2206 -0.148357
0 2207 -0.19975
0 2208 -0.0264496
0 2209 -0.0738097
0 2210 0.0807876
0 2211 -0.114796
0 2212 -0.140634
0 2213 0.134546
0 2214 0.0137752
0 2215 0.0933053
0 2216 -0.0975421
0 2217 0.017614
0 2218 -0.0165987
0 2219 -0.0651582
0 2220 -0.002613
0 2221 -0.0163253
0 2222 0.210503
0 2223 -0.110581
0 2224 0.00217507
0 2225 0.00490883
0 2226 0.0930512
0 2227 -0.0670839
0 2228 -0.25873
0 2229 0.156632
0 2230 0.0794828
0 2231 -0.189887
0 2232 0.0569066
0 2233 -0.136137
0 2234 -0.330516
0 2235 0.0033616
0 2236 -0.16056
0 2237 -0.101545
0 2238 0.0377768
0 2239 0.00412679
0 2240 0.190738
0 2241 -0.130564
0 2242 0.126461
0 2243 0.0247527
0 2244 0.0601561
0 2245 0.099361
0 2246 0.0916001
0 2247 -0.0357107
0 2248 -0.251416
0 2249 -0.0257243
0 2250 -0.313279
0 2251 0.217435
0 2252 0.0950715
0 2253 0.0721602
0 2254 0.040201
0 2255 -0.0284001
0 2256 0.0134411
0 2257 -0.230385
0 2258 0.00033127
0 2259 0.147561
0 2260 -0.0139605
0 2261 0.12652
0 2262 -0.127531
0 2263 -0.063208
0 2264 -0.0367663
0 2265 -0.0949456
0 2266 -0.0376722
0 2267 0.0814205
0 2268 -0.108163
0 2269 -0.0313629
0 2270 -0.0384387
0 2271 0.098053
0 2272 -0.103788
0 2273 -0.053407
0 2274 0.244707
0 2275 0.154753
0 2276 0.0387883
0 2277 0.000824669
0 2278 -0.12404
0 2279 0.118125
0 2280 -0.0557538
0 2281 0.0122582
0 2282 0.00253927
0 2283 0.11074
0 2284 0.117851
0 2285 -0.177556
0 2286 -0.0677701
0 2287 -0.0152435
0 2288 0.0117481
0 2289 0.122797
0 2290 0.023438
0 2291 0.0605234
0 2292 0.111571
0 2293 -0.0948775
0 2294 0.0185804
0 2295 -0.164773
0 2296 -0.0361071
0 2297 -0.0554293
0 2298 0.040421
0 2299 -0.019434
0 2300 -0.238549
0 2301 -0.0640286
0 2302 0.0699681
0 2303 0.112509
0 2304 -0.102601
0 2305 -0.027152
0 2306 -0.190924
0 2307 -0.116635
0 2308 -0.121904
0 2309 -0.0304422
0 2310 -0.100112
0 2311 0.0750997
0 2312 0.0668872
0 2313 -0.092266
0 2314 0.206057
0 2315 0.0459731
0 2316 -0.0312854
0 2317 -0.0262125
0 2318 0.135152
0 2319 0.0959333
0 2320 0.00364079
0 2321 0.149055
0 2322 0.069549
0 2323 -0.104776
0 2324 -0.0895314
0 2325 0.00306205
0 2326 -0.182209
0 2327 -0.000401989
0 2328 0.00273536
0 2329 0.210108
0 2330 -0.00447271
0 2331 0.140536
0 2332 -0.0348169
0 2333 0.0206041
0 2334 -0.137052
0 2335 -0.114736
0 2336 0.0447565
0 2337 -0.101555
0 2338 0.181306
0 2339 -0.130838
0 2340 0.0986569
0 2341 0.0248987
0 2342 0.00584035
0 2343 0.040839
0 2344 0.121087
0 2345 -0.0464625
0 2346 -0.0220809
0 2347 -0.102198
0 2348 -0.0951047
0 2349 -0.0354677
0 2350 0.124427
0 2351 0.00256198
0 2352 0.0544492
0 2353 0.0742192
0 2354 -0.163052
0 2355 0.084821
0 2356 0.10603
0 2357 0.0503785
0 2358 -0.0539014
0 2359 -0.0589013
0 2360 -0.0188465
0 2361 0.0305144
0 2362 0.226602
0 2363 0.00290993
0 2364 -0.0473258
0 2365 -0.0294014
0 2366 0.0854599
0 2367 0.0317095
0 2368 0.0520359
0 2369 -0.0214144
0 2370 0.0445223
0 2371 -0.0936916
0 2372 0.0536676
0 2373 0.0348436
0 2374 0.158783
0 2375 0.0417527
0 2376 -0.0972319
0 2377 -0.037827
0 2378 -0.24992
0 2379 -0.0990717
0 2380 -0.152078
0 2381 0.038124
0 2382 0.0510711
0 2383 0.0118135
0 2384 0.0383606
0 2385 0.0806501
0 2386 -0.0145977
0 2387 -0.0480537
0 2388 -0.0306273
0 2389 0.0760815
0 2390 -0.0237362
0 2391 -0.0747351
0 2392 -0.196459
0 2393 -0.0451802
0 2394 -0.0592192
0 2395 -0.0684941
0 2396 -0.0647138
0 2397 0.163998
0 2398 0.0597923
0 2399 0.0295037
0 2400 0.0604228
0 2401 -0.122978
0 2402 0.0866717
0 2403 0.157923
0 2404 0.200556
0 2405 -0.0202334
0 2406 -0.158837
0 2407 -0.059527
0 2408 -0.0118412
0 2409 -0.0628523
0 2410 -0.186596
0 2411 -0.00979468
0 2412 0.0348121
0 2413 0.0832407
0 2414 -0.0376869
0 2415 -0.0211897
0 2416 -0.134627
0 2417 0.315597
0 2418 0.0874794
0 2419 -0.0409582
0 2420 0.294462
0 2421 0.0521329
0 2422 0.0606682
0 2423 0.122721
0 2424 -0.0943746
0 2425 0.0365906
0 2426 0.0360039
0 2427 -0.131188
0 2428 0.0584282
0 2429 -0.019617
0 2430 0.143027
0 2431 0.0404201
0 2432 -0.0916932
0 2433 0.193966
0 2434 0.0567113
0 2435 0.229031
0 2436 -0.170429
0 2437 0.020744
0 2438 0.114789
0 2439 0.0503901
0 2440 0.0794893
0 2441 -0.00434973
0 2442 -0.220279
0 2443 0.0389837
0 2444 0.0772476
0 2445 0.00267562
0 2446 0.172867
0 2447 -0.151302
0 2448 0.0674983
0 2449 -0.0426887
0 2450 0.118569
0 2451 0.0778147
0 2452 -0.0271974
0 2453 -0.0877134
0 2454 -0.106238
0 2455 -0.275093
0 2456 -0.0852719
0 2457 -0.111278
0 2458 -0.0928963
0 2459 0.203227
0 2460 0.017966
0 2461 -0.0249073
0 2462 0.0963924
0 2463 -0.00110424
0 2464 0.082873
0 2465 -0.000461196
0 2466 -0.0613887
0 2467 0.0208412
0 2468 0.032369
0 2469 0.0214352
0 2470 -0.190107
0 2471 0.0944307
0 2472 0.0845121
0 2473 -0.204126
0 2474 0.00593501
0 2475 0.0148359
0 2476 0.00324387
0 2477 0.0229231
0 2478 -0.14087
0 2479 -0.00879301
0 2480 0.12539
0 2481 0.035591
0 2482 -0.0362223
0 2483 -0.0132756
0 2484 -0.0104242
0 2485 -0.00228104
0 2486 -0.0893379
0 2487 0.0229903
0 2488 0.101892
0 2489 -0.0535093
0 2490 -0.0235012
0 2491 0.0827951
0 2492 0.1382
0 2493 -0.0759232
0 2494 0.0370567
0 2495 0.0888916
0 2496 -0.0340859
0 2497 -0.0419789
0 2498 0.0413722
0 2499 0.120304
0 2500 0.040006
0 2501 -0.02618
0 2502 -0.0521285
0 2503 0.125924
0 2504 -0.00134009
0 2505 -0.227713
0 2506 -0.138733
0 2507 -0.060832
0 2508 0.130536
0 2509 -0.0143981
0 2510 -0.197173
0 2511 -0.147127
0 2512 -0.119522
0 2513 0.0493182
0 2514 0.0043019
0 2515 0.00452879
0 2516 -0.0983309
0 2517 -0.0978287
0 2518 0.150269
0 2519 -0.15915
0 2520 -0.0836617
0 2521 -0.0576031
0 2522 0.0574434
0 2523 0.104674
0 2524 0.051424
0 2525 -0.00713769
0 2526 0.0698964
0 2527 -0.0446677
0 2528 0.0921722
0 2529 -0.160899
0 2530 0.104535
0 2531 -0.00403359
0 2532 0.0218092
0 2533 -0.0382877
0 2534 -0.162009
0 2535 0.0821985
0 2536 0.344116
0 2537 -0.102007
0 2538 0.0301502
0 2539 -0.0874941
0 2540 -0.15506
0 2541 -0.085144
0 2542 -0.0782691
0 2543 -0.135711
0 2544 0.086792
0 2545 -0.0329595
0 2546 -0.0585907
0 2547 0.0947234
0 2548 0.0167799
0 2549 0.0179425
0 2550 -0.108487
0 2551 0.041749
0 2552 0.266288
0 2553 -0.0630627
0 2554 0.141323
0 2555 -0.023396
0 2556 -0.0623892
0 2557 0.00209757
0 2558 0.0306287
0 2559 0.155908
0 2560 -0.00962149
0 2561 0.00441852
0 2562 0.140822
0 2563 0.0739412
0 2564 0.0104092
0 2565 0.223481
0 2566 -0.201214
0 2567 0.0161028
0 2568 -0.0777309
0 2569 -0.0148973
0 2570 -0.0712771
0 2571 -0.141195
0 2572 -0.0688708
0 2573 -0.0723309
0 2574 0.0701984
0 2575 0.0858968
0 2576 0.0495104
0 2577 0.126973
0 2578 -0.0636703
0 2579 -0.0530711
0 2580 -0.141025
0 2581 -0.184151
0 2582 -0.158174
0 2583 -0.0874723
0 2584 -0.00498089
0 2585 -0.149617
0 2586 0.160496
0 2587 0.0293768
0 2588 -0.0703299
0 2589 0.0954636
0 2590 0.0135163
0 2591 -0.195492
0 2592 0.152979
0 2593 -0.0296823
0 2594 -0.132728
0 2595 -0.181272
0 2596 0.0859571
0 2597 -0.0885728
0 2598 -0.0574965
0 2599 0.0742585
0 2600 -0.00986491
0 2601 -0.0111043
0 2602 -0.17052
0 2603 -0.207447
0 2604 0.100333
0 2605 -0.0294648
0 2606 -0.148029
0 2607 -0.0601768
0 2608 -0.153438
0 2609 -0.0149404
0 2610 -0.0445621
0 2611 0.0380351
0 2612 -0.0875754
0 2613 0.00761484
0 2614 0.0120078
0 2615 0.279817
0 2616 -0.0674369
0 2617 -0.0626845
0 2618 0.213032
0 2619 -0.0534265
0 2620 -0.128934
0 2621 0.156965
0 2622 0.114236
0 2623 0.0950508
0 2624 -0.292076
0 2625 0.133247
0 2626 0.139206
0 2627 -0.0513882
0 2628 -0.122245
0 2629 0.0333005
0 2630 -0.0280241
0 2631 0.00857855
0 2632 -0.0669311
0 2633 0.194216
0 2634 0.0535687
0 2635 0.178157
0 2636 0.0567362
0 2637 -0.183449
0 2638 0.0318729
0 2639 -0.0547502
0 2640 -0.0344429
0 2641 -0.0158041
0 2642 -0.0616639
0 2643 -0.00262032
0 2644 -0.222785
0 2645 0.0985829
0 2646 -0.194615
0 2647 -0.0210941
0 2648 0.0420772
0 2649 -0.0760027
0 2650 -0.220051
0 2651 -0.110296
0 2652 -0.0340388
0 2653 -0.116464
0 2654 -0.0810074
0 2655 0.0527341
0 2656 -0.0801099
0 2657 0.00336321
0 2658 -0.0812875
0 2659 -0.0471176
0 2660 -0.03216
0 2661 0.0303052
0 2662 0.111941
0 2663 0.0386738
0 2664 0.0941164
0 2665 -0.17759
0 2666 -0.0253005
0 2667 0.138511
0 2668 0.103961
0 2669 0.0394474
0 2670 -0.00542004
0 2671 -0.00934938
0 2672 0.142565
0 2673 -0.0655682
0 2674 -0.00669777
0 2675 -0.0288831
0 2676 -0.0990291
0 2677 0.0966288
0 2678 0.0428982
0 2679 0.0374915
0 2680 -0.0531095
0 2681 -0.0657593
0 2682 -0.104011
0 2683 0.0871218
0 2684 0.00837345
0 2685 0.158588
0 2686 0.0129738
0 2687 -0.0311339
0 2688 0.102121
0 2689 0.049359
0 2690 0.0639018
0 2691 0.0289709
0 2692 0.143451
0 2693 0.0025392
0 2694 -0.0458947
0 2695 -0.0817933
0 2696 0.069272
0 2697 1.62198e-05
0 2698 0.0626077
0 2699 -0.0650787
0 2700 -0.0765125
0 2701 -0.0210498
0 2702 -0.0185353
0 2703 0.137493
0 2704 -0.0413944
0 2705 0.0556839
0 2706 0.0400521
0 2707 -0.0901311
0 2708 -0.0481149
0 2709 -0.049834
0 2710 0.0448521
0 2711 0.132612
0 2712 -0.0852292
0 2713 0.040535
0 2714 0.0932405
0 2715 0.0527473
0 2716 -0.0953158
0 2717 0.0734487
0 2718 -0.197407
0 2719 -0.0779129
0 2720 -0.124664
0 2721 0.0435384
0 2722 -0.0299706
0 2723 0.032351
0 2724 0.00881079
0 2725 0.0449157
0 2726 0.0557067
0 2727 0.0116376
0 2728 -0.0780505
0 2729 0.105702
0 2730 0.123186
0 2731 0.0312905
0 2732 0.0510862
0 2733 0.0971622
0 2734 -0.0922801
0 2735 -0.0861714
0 2736 0.0532753
0 2737 0.00486796
0 2738 -0.0531783
0 2739 0.216654
0 2740 0.0412397
0 2741 0.112631
0 2742 0.108779
0 2743 -0.0698279
0 2744 -2.95865e-05
0 2745 0.082343
0 2746 -0.0525402
0 2747 0.0612693
0 2748 0.105697
0 2749 0.0133327
0 2750 0.0503609
0 2751 0.188354
0 2752 -0.0254337
0 2753 -0.120376
0 2754 0.0694952
0 2755 -0.0364831
0 2756 -0.0715218
0 2757 0.201543
0 2758 0.0358354
0 2759 0.0477111
0 2760 -0.0759012
0 2761 0.0600817
0 2762 0.100328
0 2763 0.138828
0 2764 -0.106739
0 2765 0.078666
0 2766 -0.107919
0 2767 -0.179458
0 2768 -0.054757
0 2769 0.00906209
0 2770 -0.0339111
0 2771 -0.224372
0 2772 -0.0996445
0 2773 0.0518777
0 2774 0.00779704
0 2775 0.14082
0 2776 -0.0392912
0 2777 0.0169417
0 2778 -0.121767
0 2779 -0.0633736
0 2780 -0.19751
0 2781 0.0538915
0 2782 -0.0216331
0 2783 -0.00325495
0 2784 -0.054802
0 2785 -0.0333504
0 2786 0.0574797
0 2787 0.00391268
0 2788 0.0902305
0 2789 0.0247094
0 2790 0.0596128
0 2791 -0.0218755
0 2792 0.0419632
0 2793 -0.0317689
0 2794 0.0148845
0 2795 -0.0827997
0 2796 -0.0985956
0 2797 0.169555
0 2798 0.135939
0 2799 0.0317363
0 2800 0.218201
0 2801 0.0270284
0 2802 0.0711904
0 2803 -0.0167068
0 2804 0.14007
0 2805 0.0297866
0 2806 0.0139854
0 2807 0.0101809
0 2808 0.0244164
0 2809 0.0427241
0 2810 0.0951355
0 2811 0.0404224
0 2812 0.0992166
0 2813 -0.0854746
0 2814 0.051226
0 2815 0.0765798
0 2816 -0.0917643
0 2817 -0.0178779
0 2818 0.138479
0 2819 -0.0507128
0 2820 -0.0583547
0 2821 0.0721716
0 2822 0.0634642
0 2823 -0.290172
0 2824 -0.0447309
0 2825 0.0203505
0 2826 -0.160778
0 2827 -0.0545416
0 2828 -0.0742493
0 2829 -0.0186331
0 2830 -0.0930171
0 2831 0.0702104
0 2832 0.0912997
0 2833 0.0702698
0 2834 0.0451111
0 2835 0.0860729
0 2836 0.048844
0 2837 0.0961352
0 2838 -0.0285417
0 2839 -0.128046
0 2840 -0.113052
0 2841 -0.0731112
0 2842 0.0855312
0 2843 -0.0696513
0 2844 -0.0832718
0 2845 0.0132864
0 2846 -0.0222763
0 2847 0.0851737
0 2848 0.0543262
0 2849 0.063242
0 2850 0.0714502
0 2851 0.0413784
0 2852 0.2521
0 2853 -0.0561053
0 2854 -0.111175
0 2855 0.0872157
0 2856 -0.126174
0 2857 -0.0841372
0 2858 -0.0840712
0 2859 -0.0143418
0 2860 0.009242
0 2861 -0.0103245
0 2862 0.166647
0 2863 0.0137729
0 2864 0.113316
0 2865 0.148562
0 2866 -0.045432
0 2867 -0.0401273
0 2868 -0.0323814
0 2869 0.15723
0 2870 0.0974087
0 2871 0.02326
0 2872 -0.072656
0 2873 0.156425
0 2874 -0.0646905
0 2875 -0.0487004
0 2876 0.0295274
0 2877 -0.0904726
0 2878 -0.0339663
0 2879 0.00960639
0 2880 0.0480837
0 2881 -0.22121
0 2882 -0.00600332
0 2883 -0.0226929
0 2884 -0.0934824
0 2885 -0.0226739
0 2886 0.0792632
0 2887 -0.00148088
0 2888 0.125414
0 2889 0.0557232
0 2890 0.0569628
0 2891 0.210181
0 2892 0.0883878
0 2893 0.142774
0 2894 -0.0119331
0 2895 0.0457622
0 2896 -0.000999179
0 2897 0.051933
0 2898 0.102396
0 2899 0.0889009
0 2900 -0.0201871
0 2901 -0.0121386
0 2902 -0.10585
0 2903 -0.213629
0 2904 -0.119449
0 2905 0.0262395
0 2906 0.00670889
0 2907 -0.00745529
0 2908 -0.0706106
0 2909 -0.0014599
0 2910 0.00208537
0 2911 0.111186
0 2912 -0.0987121
0 2913 -0.162321
0 2914 -0.0384517
0 2915 -0.0133304
0 2916 0.182422
0 2917 -0.0464009
0 2918 -0.166026
0 2919 0.0294268
0 2920 0.160461
0 2921 -0.108506
0 2922 0.0385029
0 2923 0.128916
0 2924 -0.0215212
0 2925 -0.022918
0 2926 0.243034
0 2927 0.242381
0 2928 0.124841
0 2929 0.052539
0 2930 0.0137156
0 2931 0.118416
0 2932 0.10111
0 2933 0.224432
0 2934 -0.0517527
0 2935 0.0573058
0 2936 0.094733
0 2937 0.185602
0 2938 0.0631442
0 2939 -0.0576293
0 2940 0.0187441
0 2941 0.151088
0 2942 0.0046704
0 2943 -0.123267
0 2944 -0.114776
0 2945 0.152219
0 2946 -0.0479446
0 2947 -0.0705404
0 2948 0.0136508
0 2949 0.040651
0 2950 0.0675039
0 2951 0.0463875
0 2952 0.154309
0 2953 0.107356
0 2954 0.13338
0 2955 0.159516
0 2956 -0.103001
0 2957 0.026906
0 2958 -0.0950316
0 2959 -0.237992
0 2960 -0.111323
0 2961 0.0236272
0 2962 0.0590691
0 2963 0.0373892
0 2964 -0.00716175
0 2965 0.125052
0 2966 0.0388177
0 2967 -0.0149828
0 2968 0.00974637
0 2969 -0.0674577
0 2970 -0.21383
0 2971 0.117901
0 2972 0.272772
0 2973 0.128503
0 2974 -0.0745664
0 2975 -0.106644
0 2976 -0.185924
0 2977 0.027433
0 2978 0.0537857
0 2979 0.0797102
0 2980 0.0541309
0 2981 -0.0830475
0 2982 0.119405
0 2983 0.0403727
0 2984 0.032782
0 2985 0.0476599
0 2986 0.148259
0 2987 -0.0502465
0 2988 -0.131863
0 2989 -0.11168
0 2990 0.109458
0 2991 -0.0929423
0 2992 0.0796989
0 2993 0.0094737
0 2994 -0.0245674
0 2995 0.112853
0 2996 -0.0760063
0 2997 0.0188867
0 2998 -0.110107
0 2999 0.0429507
0 3000 0.0440366
0 3001 -0.166077
0 3002 -0.0877735
0 3003 0.10461
0 3004 -0.00272184
0 3005 0.0886842
0 3006 0.144677
0 3007 -0.0426969
0 3008 -0.0207574
0 3009 -0.0698652
0 3010 0.120469
0 3011 0.0619947
0 3012 -0.243605
0 3013 -0.12191
0 3014 -0.0231461
0 3015 -0.0587734
0 3016 0.142923
0 3017 -0.0588804
0 3018 -0.180563
0 3019 0.114285
0 3020 0.0500635
0 3021 -0.0254268
0 3022 0.103816
0 3023 0.156371
0 3024 -0.15971
0 3025 -0.0802335
0 3026 0.00296515
0 3027 0.050827
0 3028 -0.0533812
0 3029 -0.0747462
0 3030 0.0630983
0 3031 0.00630997
0 3032 0.0825802
0 3033 -0.00844968
0 3034 0.0477382
0 3035 -0.018305
0 3036 -0.103168
0 3037 0.0632717
0 3038 0.0282918
0 3039 -0.0370069
0 3040 0.0639001
0 3041 0.0184931
0 3042 -0.0105334
0 3043 -0.104072
0 3044 -0.115596
0 3045 -0.0133334
0 3046 0.00839432
0 3047 -0.0994771
0 3048 0.0896909
0 3049 0.105379
0 3050 0.0237476
0 3051 0.0920792
0 3052 0.00355531
0 3053 -0.0837572
0 3054 0.165166
0 3055 -0.077109
0 3056 0.0111365
0 3057 0.019094
0 3058 -0.046894
0 3059 0.0611682
0 3060 0.0293654
0 3061 0.00459252
0 3062 -0.0304481
0 3063 -0.0234052
0 3064 0.113517
0 3065 -0.106789
0 3066 -0.13793
0 3067 0.141158
0 3068 0.150054
0 3069 0.0286836
0 3070 -0.0987604
0 3071 0.0316713
0 3072 -0.0927157
0 3073 0.111491
0 3074 -0.00899388
0 3075 0.0616614
0 3076 0.111249
0 3077 0.0113201
0 3078 0.130807
0 3079 0.108571
0 3080 0.102562
0 3081 -0.170074
0 3082 -0.00995745
0 3083 -0.0525421
0 3084 -0.0163844
0 3085 -0.0484269
0 3086 -0.0790045
0 3087 0.0779639
0 3088 0.0256639
0 3089 -0.136298
0 3090 0.0718581
0 3091 0.0176988
0 3092 -0.132538
0 3093 0.132324
0 3094 -0.011603
0 3095 -0.173804
0 3096 -0.00313695
0 3097 -0.0686385
0 3098 0.0280511
0 3099 0.221151
0 3100 -0.0447432
0 3101 0.120531
0 3102 -0.121948
0 3103 0.214897
0 3104 0.119017
0 3105 0.0761043
0 3106 0.00567784
0 3107 0.0805526
0 3108 -0.0703062
0 3109 0.196579
0 3110 -0.00733119
0 3111 0.0490118
0 3112 0.0396613
0 3113 0.0361356
0 3114 -0.0461384
0 3115 0.0409872
0 3116 -0.146962
0 3117 0.0797784
0 3118 0.0659012
0 3119 -0.0846286
0 3120 0.121733
0 3121 -0.0846368
0 3122 0.0406637
0 3123 0.0634461
0 3124 0.00920813
0 3125 -0.158959
0 3126 -0.0137759
0 3127 -0.162229
0 3128 -0.0907339
0 3129 -0.281119
0 3130 -0.233928
0 3131 -0.0505531
0 3132 -0.0789476
0 3133 -0.0566493
0 3134 -0.0762808
0 3135 -0.13757
0 3136 -0.173679
0 3137 -0.100887
0 3138 -0.141117
0 3139 0.00707934
0 3140 -0.0319245
0 3141 0.0228304
0 3142 -0.0745667
0 3143 -0.0646604
0 3144 0.0305771
0 3145 0.0238996
0 3146 -0.0892616
0 3147 0.136048
0 3148 -0.00280096
0 3149 0.038493
0 3150 0.098457
0 3151 -0.0435198
0 3152 0.211136
0 3153 0.148466
0 3154 -0.0622782
0 3155 0.313936
0 3156 0.0360543
0 3157 -0.0314662
0 3158 -0.076465
0 3159 -0.10708
0 3160 -0.0854221
0 3161 -0.0137293
0 3162 0.0340491
0 3163 0.009694
0 3164 -0.0217501
0 3165 0.0241395
0 3166 -0.0468712
0 3167 0.149822
0 3168 0.0530074
0 3169 -0.055193
0 3170 -0.0226818
0 3171 0.153855
0 3172 0.0106309
0 3173 0.0208505
0 3174 -0.00685413
0 3175 -0.130815
0 3176 -0.193264
0 3177 -0.0609864
0 3178 0.301985
0 3179 -0.101947
0 3180 -0.230836
0 3181 -0.279054
0 3182 -0.0786396
0 3183 0.1771
0 3184 0.0811903
0 3185 -0.128417
0 3186 0.106537
0 3187 0.0118711
0 3188 -0.0236191
0 3189 0.115025
0 3190 -0.0142008
0 3191 -0.0734832
0 3192 -0.0629081
0 3193 0.0426208
0 3194 -0.146072
0 3195 0.0221172
0 3196 -0.0175271
0 3197 0.10858
0 3198 -0.143435
0 3199 0.0788159
0 3200 0.0319471
0 3201 0.133423
0 3202 0.198233
0 3203 0.0713338
0 3204 -0.0479865
0 3205 -0.140474
0 3206 -0.0938069
0 3207 0.0497065
0 3208 0.143513
0 3209 0.120397
0 3210 0.0603542
0 3211 0.022999
0 3212 -0.0735624
0 3213 0.231787
0 3214 0.0700734
0 3215 0.034705
0 3216 0.0483892
0 3217 -0.126289
0 3218 0.114106
0 3219 -0.00686306
0 3220 0.188066
0 3221 -0.0485701
0 3222 0.130872
0 3223 0.00351172
0 3224 0.024474
0 3225 0.0402515
0 3226 -0.0967024
0 3227 0.14992
0 3228 -0.00290599
0 3229 0.0560869
0 3230 0.032046
0 3231 0.0814281
0 3232 -0.0324947
0 3233 -0.177186
0 3234 0.100035
0 3235 -0.0197701
0 3236 -0.0697046
0 3237 0.0449804
0 3238 -0.0531485
0 3239 0.0278107
0 3240 -0.189347
0 3241 -0.155236
0 3242 -0.135088
0 3243 0.156916
0 3244 -0.206274
0 3245 0.0487359
0 3246 -0.0255917
0 3247 0.0139366
0 3248 -0.205671
0 3249 0.152996
0 3250 0.108907
0 3251 0.0141649
0 3252 -0.0965183
0 3253 -0.00319794
0 3254 -0.0276072
0 3255 -0.0486226
0 3256 0.00611631
0 3257 -0.114853
0 3258 0.092794
0 3259 0.0519441
0 3260 -0.0598124
0 3261 -0.175624
0 3262 -0.00454577
0 3263 -0.139128
0 3264 -0.166791
0 3265 -0.0851065
0 3266 -0.0122574
0 3267 -0.0746826
0 3268 0.0793074
0 3269 -0.139676
0 3270 -0.0546042
0 3271 0.216949
0 3272 -0.0291136
0 3273 0.127661
0 3274 0.0447572
0 3275 0.0369422
0 3276 0.0260128
0 3277 0.0319606
0 3278 0.0517497
0 3279 0.184813
0 3280 0.100618
0 3281 -0.214624
0 3282 0.0957035
0 3283 -0.01434
0 3284 0.156324
0 3285 0.132266
0 3286 -0.0407643
0 3287 -0.105995
0 3288 0.145982
0 3289 0.0818784
0 3290 0.0956564
0 3291 -0.00562819
0 3292 -0.0335964
0 3293 -0.112855
0 3294 -0.0787592
0 3295 -0.0647162
0 3296 0.105015
0 3297 0.0351766
0 3298 0.0294317
0 3299 0.0684389
0 3300 -0.0581104
0 3301 0.0387001
0 3302 -0.0313567
0 3303 0.157117
0 3304 -0.14879
0 3305 0.0335196
0 3306 0.139539
0 3307 -0.0373882
0 3308 0.0678562
0 3309 0.0299686
0 3310 -0.26032
0 3311 -0.198847
0 3312 -0.00529063
0 3313 0.150819
0 3314 0.126085
0 3315 -0.072728
0 3316 0.0165374
0 3317 -0.0625865
0 3318 -0.0493865
0 3319 0.180325
0 3320 0.0733537
0 3321 -0.0329526
0 3322 -0.176986
0 3323 0.064764
0 3324 -0.00335354
0 3325 0.0851898
0 3326 0.0936457
0 3327 0.289062
0 3328 0.138297
0 3329 -0.194558
0 3330 -0.073357
0 3331 -0.0643517
0 3332 0.119384
0 3333 0.0720506
0 3334 0.003153
0 3335 0.0278489
0 3336 0.0457594
0 3337 0.01916
0 3338 0.0077009
0 3339 -0.0560802
0 3340 0.0116002
0 3341 -0.066044
0 3342 0.0566985
0 3343 -0.0104796
0 3344 0.0347827
0 3345 0.0519628
0 3346 0.0759731
0 3347 -0.0574046
0 3348 -0.219219
0 3349 -0.00976623
0 3350 0.0724864
0 3351 -0.194353
0 3352 -0.077377
0 3353 -0.0578878
0 3354 0.112161
0 3355 0.146612
0 3356 -0.114754
0 3357 -0.147619
0 3358 0.136355
0 3359 -0.0332082
0 3360 0.16151
0 3361 -0.110816
0 3362 -0.0122566
0 3363 0.106923
0 3364 0.0737974
0 3365 0.0636758
0 3366 -0.310475
0 3367 0.0387749
0 3368 0.0399391
0 3369 0.157984
0 3370 0.046545
0 3371 -0.101832
0 3372 0.0344892
0 3373 -0.0545591
0 3374 0.175803
0 3375 -0.0064183
0 3376 -0.117961
0 3377 0.0202904
0 3378 -0.09834
0 3379 0.268202
0 3380 -0.0971664
0 3381 -0.00563111
0 3382 -0.0089635
0 3383 -0.119878
0 3384 0.107662
0 3385 0.0812495
0 3386 0.0216738
0 3387 -0.069484
0 3388 -0.174812
0 3389 -0.13449
0 3390 -0.15383
0 3391 0.0483404
0 3392 0.250008
0 3393 0.154631
0 3394 -0.0802284
0 3395 -0.00736352
0 3396 0.0151978
0 3397 -0.0307913
0 3398 0.0880459
0 3399 0.0928847
0 3400 -0.132608
0 3401 -0.0184066
0 3402 -0.00146893
0 3403 -0.135342
0 3404 -0.0603476
0 3405 -0.0478253
0 3406 0.134627
0 3407 0.00706401
0 3408 0.254653
0 3409 0.0429036
0 3410 0.074364
0 3411 -0.0187914
0 3412 -0.0360872
0 3413 -0.0344757
0 3414 0.0771717
0 3415 0.217495
0 3416 0.0165176
0 3417 0.135136
0 3418 0.0800763
0 3419 0.047533
0 3420 -0.1215
0 3421 0.0240272
0 3422 0.00722652
0 3423 0.0222081
0 3424 0.0237626
0 3425 0.0134197
0 3426 -0.0192577
0 3427 0.0487616
0 3428 0.134394
0 3429 0.00225148
0 3430 0.0700356
0 3431 -0.0311761
0 3432 0.0770517
0 3433 -0.0775368
0 3434 -0.197473
0 3435 -0.00484871
0 3436 -0.051882
0 3437 -0.0421031
0 3438 0.00685098
0 3439 0.138549
0 3440 -0.154175
0 3441 -0.0901206
0 3442 -0.0901934
0 3443 -0.225933
0 3444 -0.0274046
0 3445 0.0366727
0 3446 -0.0934537
0 3447 0.0727431
0 3448 0.128792
0 3449 -0.0889356
0 3450 -0.0952952
0 3451 -0.00381488
0 3452 -0.0539824
0 3453 -0.0675147
0 3454 -0.0164645
0 3455 0.0886879
0 3456 0.0268624
0 3457 -0.0938477
0 3458 0.0250597
0 3459 0.128639
0 3460 0.128264
0 3461 0.193511
0 3462 -0.0869722
0 3463 -0.159287
0 3464 -0.0412172
0 3465 -0.0295574
0 3466 0.16347
0 3467 0.0565727
0 3468 -0.120693
0 3469 -0.0829545
0 3470 -0.032208
0 3471 -0.171918
0 3472 -0.123438
0 3473 0.0762558
0 3474 0.0387866
0 3475 0.14368
0 3476 -0.0332107
0 3477 -0.138665
0 3478 0.135634
0 3479 -0.156963
0 3480 0.110167
0 3481 0.152863
0 3482 0.128758
0 3483 0.208904
0 3484 0.00334456
0 3485 0.0251248
0 3486 -0.0985792
0 3487 0.126602
0 3488 0.0460264
0 3489 0.0227299
0 3490 -0.027332
0 3491 0.116164
0 3492 0.129515
0 3493 0.134353
0 3494 -0.0853987
0 3495 0.0436308
0 3496 0.240454
0 3497 -0.0249027
0 3498 0.0524468
0 3499 0.0892279
0 3500 -0.101034
0 3501 -0.0263404
0 3502 -0.183272
0 3503 -0.00871235
0 3504 0.103289
0 3505 -0.227311
0 3506 0.190906
0 3507 -0.104311
0 3508 -0.0794655
0 3509 -0.00860413
0 3510 0.0156813
0 3511 -0.0889359
0 3512 0.0493811
0 3513 -0.099612
0 3514 0.0130871
0 3515 0.0680295
0 3516 -0.0772407
0 3517 0.0436321
0 3518 -0.013246
0 3519 0.0136033
0 3520 -0.136595
0 3521 -0.00642094
0 3522 0.0120279
0 3523 -0.0898875
0 3524 0.00801041
0 3525 -0.210772
0 3526 0.0499291
0 3527 -0.244819
0 3528 -0.0389828
0 3529 -0.0166641
0 3530 -0.0592335
0 3531 -0.104993
0 3532 -0.0296049
0 3533 0.0140389
0 3534 0.0689264
0 3535 -0.156525
0 3536 0.0171752
0 3537 -0.0604003
0 3538 0.183628
0 3539 -0.0825495
0 3540 -0.0495328
0 3541 0.0786262
0 3542 0.05505
0 3543 -0.0231347
0 3544 -0.082507
0 3545 -0.209005
0 3546 0.098045
0 3547 -0.0080444
0 3548 0.0379836
0 3549 0.0215931
0 3550 0.0271788
0 3551 0.0596003
0 3552 -0.0497572
0 3553 0.0311174
0 3554 0.0796914
0 3555 -0.0327113
0 3556 -0.0288573
0 3557 0.0770314
0 3558 0.133882
0 3559 0.0289146
0 3560 0.244157
0 3561 0.0402089
0 3562 -0.0257232
0 3563 -0.0949213
0 3564 0.0626106
0 3565 0.00145449
0 3566 0.184596
0 3567 0.021043
0 3568 0.155914
0 3569 0.0570411
0 3570 0.0702946
0 3571 0.0260208
0 3572 0.031701
0 3573 0.0988682
0 3574 -0.0637662
0 3575 0.0446515
0 3576 0.182655
0 3577 -0.142646
0 3578 0.123722
0 3579 0.018179
0 3580 -0.0472175
0 3581 -0.0900427
0 3582 0.0885593
0 3583 -0.0614546
0 3584 0.123974
0 3585 -0.000185079
0 3586 -0.00856685
0 3587 -0.0628974
0 3588 0.0152414
0 3589 -0.108489
0 3590 0.025081
0 3591 -0.101275
0 3592 0.141283
0 3593 -0.0578206
0 3594 0.0669392
0 3595 0.0262774
0 3596 0.0163994
0 3597 0.00963963
0 3598 -0.129636
0 3599 -0.0604293
0 3600 0.096282
0 3601 -0.0969797
0 3602 0.0620204
0 3603 -0.042917
0 3604 0.0441667
0 3605 -0.0733981
0 3606 0.108502
0 3607 0.0277571
0 3608 0.0451238
0 3609 -0.052411
0 3610 0.17565
0 3611 0.0715061
0 3612 -0.0166516
0 3613 0.0022408
0 3614 -0.0867208
0 3615 -0.102372
0 3616 -0.027858
0 3617 -0.163872
0 3618 0.121842
0 3619 -0.106311
0 3620 -0.237238
0 3621 0.239456
0 3622 0.0331378
0 3623 -0.116966
0 3624 0.0973356
0 3625 -0.0306223
0 3626 -0.0837374
0 3627 0.14462
0 3628 -0.146582
0 3629 -0.0150148
0 3630 0.0636839
0 3631 -0.0421198
0 3632 -0.0161868
0 3633 0.15319
0 3634 0.0313111
0 3635 -0.0361655
0 3636 -0.0407935
0 3637 0.0924697
0 3638 0.15528
0 3639 -0.125277
0 3640 -0.0314747
0 3641 -0.0390447
0 3642 0.0843083
0 3643 -0.0544376
0 3644 -0.0907903
0 3645 0.162683
0 3646 0.00647505
0 3647 -0.130748
0 3648 -0.0604381
0 3649 -0.103057
0 3650 0.0447054
0 3651 -0.140363
0 3652 -0.155383
0 3653 -0.0472583
0 3654 -0.0661823
0 3655 0.0142099
0 3656 -0.0537665
0 3657 0.116671
0 3658 -0.108074
0 3659 0.0236733
0 3660 -0.039894
0 3661 0.119066
0 3662 -0.144935
0 3663 0.0387136
0 3664 -0.116458
0 3665 0.0413469
0 3666 0.0377174
0 3667 -0.0167782
0 3668 -0.0573813
0 3669 0.0578591
0 3670 -0.116468
0 3671 -0.11359
0 3672 0.252582
0 3673 -0.0182806
0 3674 0.0686567
0 3675 -0.00911515
0 3676 -0.129813
0 3677 -0.173386
0 3678 -0.0823414
0 3679 0.0491241
0 3680 -0.0875536
0 3681 -0.0117722
0 3682 -0.141679
0 3683 0.0576448
0 3684 -0.0740966
0 3685 0.0414754
0 3686 -0.0772394
0 3687 -0.0128312
0 3688 -0.037149
0 3689 0.0296575
0 3690 -0.202743
0 3691 -0.0326379
0 3692 -0.097021
0 3693 0.112009
0 3694 0.180801
0 3695 -0.200162
0 3696 0.0562009
0 3697 -0.103253
0 3698 0.0247425
0 3699 -0.0486531
0 3700 -0.113507
0 3701 -0.0834815
0 3702 0.00652038
0 3703 -0.00697318
0 3704 0.0100049
0 3705 -0.024007
0 3706 -0.187202
0 3707 -0.0201051
0 3708 -0.0136501
0 3709 -0.122302
0 3710 -0.153359
0 3711 0.0153613
0 3712 0.0355137
0 3713 -0.159264
0 3714 -0.0811888
0 3715 -0.224469
0 3716 -0.0892691
0 3717 0.015274
0 3718 -0.048508
0 3719 -0.0252277
0 3720 0.0192318
0 3721 0.00121616
0 3722 -0.0640291
0 3723 -0.0756326
0 3724 0.184268
0 3725 -0.0848072
0 3726 0.0898512
0 3727 -0.241515
0 3728 0.0203597
0 3729 0.10723
0 3730 0.103633
0 3731 -0.0977287
0 3732 0.0750504
0 3733 -0.0691022
0 3734 0.0237932
0 3735 -0.160846
0 3736 0.0778031
0 3737 -0.227867
0 3738 -0.0405576
0 3739 -0.0866327
0 3740 -0.244451
0 3741 0.0169009
0 3742 -0.118586
0 3743 0.131726
0 3744 0.0634848
0 3745 -0.120205
0 3746 -0.0679368
0 3747 -0.058197
0 3748 -0.117686
0 3749 0.00836254
0 3750 -0.0398753
0 3751 -0.141146
0 3752 0.11974
0 3753 0.0198905
0 3754 0.223676
0 3755 0.0962035
0 3756 0.0317833
0 3757 -0.166163
0 3758 0.126179
0 3759 0.0421593
0 3760 -0.0635343
0 3761 0.134547
0 3762 0.189595
0 3763 0.0161839
0 3764 0.214382
0 3765 -0.0586194
0 3766 0.0105699
0 3767 -0.102103
0 3768 -0.05011
0 3769 -0.0871932
0 3770 -0.133529
0 3771 -0.138931
0 3772 -0.195069
0 3773 0.0404631
0 3774 0.151196
0 3775 0.113321
0 3776 0.0656292
0 3777 0.0434968
0 3778 -0.0276806
0 3779 0.00381992
0 3780 -0.0366363
0 3781 0.0524953
0 3782 -0.0817551
0 3783 0.0195677
0 3784 0.13634
0 3785 0.0151032
0 3786 -0.032711
0 3787 0.0826518
0 3788 0.0312708
0 3789 0.0444948
0 3790 0.00358075
0 3791 0.117648
0 3792 -0.0610844
0 3793 -0.0929698
0 3794 0.0563594
0 3795 0.232857
0 3796 -0.158059
0 3797 0.0896133
0 3798 -0.158185
0 3799 -0.146382
0 3800 -0.0228773
0 3801 0.116807
0 3802 0.133493
0 3803 -0.0268442
0 3804 -0.133926
0 3805 -0.035017
0 3806 -0.114244
0 3807 0.0834243
0 3808 -0.135287
0 3809 -0.0663567
0 3810 0.276475
0 3811 0.0105291
0 3812 -0.023297
0 3813 0.0286386
0 3814 -0.00789454
0 3815 -0.0943101
0 3816 0.0335445
0 3817 0.0250772
0 3818 -0.00209883
0 3819 -0.222346
0 3820 -0.0363203
0 3821 -0.0207774
0 3822 0.204936
0 3823 -0.0844464
0 3824 0.0200847
0 3825 0.0897793
0 3826 -0.111608
0 3827 0.0210597
0 3828 0.145678
0 3829 0.00811914
0 3830 0.0543734
0 3831 0.142353
0 3832 0.125143
0 3833 0.0191854
0 3834 0.0465703
0 3835 -0.0601037
0 3836 0.0583201
0 3837 -0.017275
0 3838 -0.0493224
0 3839 -0.0742243
0 3840 -0.0832669
0 3841 -0.0382049
0 3842 0.000489202
0 3843 0.0428754
0 3844 0.0428325
0 3845 0.0875427
0 3846 -0.103336
0 3847 0.0947375
0 3848 0.0103559
0 3849 -0.0666143
0 3850 -0.104044
0 3851 0.0149149
0 3852 0.0406534
0 3853 0.106796
0 3854 -0.098265
0 3855 -0.0684282
0 3856 -0.138488
0 3857 0.0315658
0 3858 -0.0905384
0 3859 0.0842206
0 3860 0.167858
0 3861 0.109356
0 3862 0.0925687
0 3863 0.0442072
0 3864 0.278853
0 3865 0.0554186
0 3866 -0.115427
0 3867 0.0556807
0 3868 0.0079324
0 3869 0.10789
0 3870 -0.079066
0 3871 -0.160635
0 3872 0.0128142
0 3873 -0.0925629
0 3874 0.0654526
0 3875 -0.0441083
0 3876 -0.0275599
0 3877 -0.0401437
0 3878 -0.170781
0 3879 0.0756809
0 3880 0.134813
0 3881 -0.100818
0 3882 -0.0251403
0 3883 0.0217757
0 3884 -0.0183819
0 3885 -0.0900547
0 3886 0.0518258
0 3887 -0.0891364
0 3888 0.138195
0 3889 -0.0324729
0 3890 0.0680885
0 3891 0.00133912
0 3892 0.0824322
0 3893 0.157094
0 3894 0.127352
0 3895 0.0594624
0 3896 -0.0880149
0 3897 -0.0183676
0 3898 0.0480985
0 3899 -0.204487
0 3900 -0.0937238
0 3901 -0.103031
0 3902 0.059531
0 3903 -0.164201
0 3904 0.0551722
0 3905 -0.154917
0 3906 -0.0471001
0 3907 -0.190017
0 3908 0.0751086
0 3909 -0.153789
0 3910 -0.0842981
0 3911 -0.0792023
0 3912 0.0776666
0 3913 0.106766
0 3914 -0.0784432
0 3915 -0.00290432
0 3916 -0.0338055
0 3917 -0.0178452
0 3918 0.0360952
0 3919 0.160081
0 3920 -0.113026
0 3921 0.0328212
0 3922 -0.020753
0 3923 -0.199456
0 3924 -0.101589
0 3925 0.0329373
0 3926 -0.0526157
0 3927 0.0996938
0 3928 0.113721
0 3929 0.195755
0 3930 0.14809
0 3931 -0.0539741
0 3932 0.0331786
0 3933 0.00537715
0 3934 0.0642916
0 3935 -0.0952097
0 3936 0.000763389
0 3937 -0.123632
0 3938 -0.0736124
0 3939 -0.0201885
0 3940 0.104049
0 3941 0.0684177
0 3942 -0.0900633
0 3943 -0.0131398
0 3944 0.0300857
0 3945 -0.00101556
0 3946 -0.00738456
0 3947 -0.0190228
0 3948 0.0831354
0 3949 0.0614598
0 3950 -0.0755416
0 3951 0.0635642
0 3952 0.0994212
0 3953 0.0372889
0 3954 -0.0225104
0 3955 -0.0815909
0 3956 -0.136758
0 3957 0.0886711
0 3958 -0.0931728
0 3959 0.00144195
0 3960 0.000605685
0 3961 -0.096428
0 3962 0.0663208
0 3963 -0.133934
0 3964 -0.0813845
0 3965 0.144587
0 3966 -0.00340387
0 3967 -0.0676284
0 3968 -0.146964
0 3969 -0.0516749
0 3970 0.0906257
0 3971 0.167654
0 3972 -0.161742
0 3973 -0.153198
0 3974 0.00646041
0 3975 0.198263
0 3976 0.150453
0 3977 0.00631628
0 3978 -0.159473
0 3979 -0.00423459
0 3980 0.031033
0 3981 0.0885957
0 3982 -0.205821
0 3983 -0.1416
0 3984 0.0491164
0 3985 -0.0181218
0 3986 -0.106285
0 3987 0.0922116
0 3988 -0.0739304
0 3989 -0.0838196
0 3990 -0.110525
0 3991 -0.105797
0 3992 -0.0879681
0 3993 0.0781734
0 3994 -0.019744
0 3995 -0.00561036
0 3996 -0.0380577
0 3997 0.0493486
0 3998 0.0447995
0 3999 -0.219122
0 4000 0.176887
0 4001 -0.0971385
0 4002 0.000987731
0 4003 -0.129888
0 4004 0.0805505
0 4005 0.145766
0 4006 0.157327
0 4007 0.00898544
0 4008 -0.129362
0 4009 -0.110682
0 4010 -0.0631824
0 4011 -0.0938331
0 4012 0.157877
0 4013 0.162142
0 4014 0.0653853
0 4015 -0.0631483
0 4016 -0.158415
0 4017 -0.0130958
0 4018 -0.108232
0 4019 -0.0313205
0 4020 0.0115593
0 4021 -0.126665
0 4022 -0.0449841
0 4023 -0.137235
0 4024 -0.00505775
0 4025 -0.0668498
0 4026 0.00183947
0 4027 0.083417
0 4028 -0.217166
0 4029 0.0437234
0 4030 -0.0255885
0 4031 0.027047
0 4032 -0.0552576
0 4033 0.102153
0 4034 -0.0565034
0 4035 0.00897697
0 4036 -0.0660406
0 4037 0.0721869
0 4038 -0.105563
0 4039 0.0236625
0 4040 0.0193204
0 4041 -0.0841829
0 4042 0.117883
0 4043 0.0211658
0 4044 -0.0106979
0 4045 -0.268622
0 4046 0.185023
0 4047 0.10098
0 4048 -0.0181779
0 4049 -0.0185054
0 4050 0.0111746
0 4051 -0.122006
0 4052 -0.0376542
0 4053 0.0959924
0 4054 0.117331
0 4055 0.0929831
0 4056 0.0156012
0 4057 0.158127
0 4058 0.0532399
0 4059 0.0508271
0 4060 -0.0297847
0 4061 0.0797924
0 4062 -0.145753
0 4063 -0.0332856
0 4064 -0.144768
0 4065 -0.136935
0 4066 0.0726171
0 4067 -0.0222568
0 4068 0.0837053
0 4069 -0.0677678
0 4070 -0.0387035
0 4071 0.070626
0 4072 -0.124702
0 4073 -0.0786777
0 4074 0.0940424
0 4075 0.0574326
0 4076 -0.0881915
0 4077 0.0252244
0 4078 -0.0228504
0 4079 -0.07243
0 4080 0.0142342
0 4081 -0.0787384
0 4082 -0.0526875
0 4083 -0.0164188
0 4084 0.138479
0 4085 0.0379497
0 4086 -0.167316
0 4087 0.114203
0 4088 -0.0491223
0 4089 0.0155377
0 4090 0.0816249
0 4091 -0.0145383
0 4092 0.0809668
0 4093 0.0078965
0 4094 0.149134
0 4095 -0.0462023
0 4096 -0.0506185
0 4097 -0.116846
0 4098 -0.0634599
0 4099 -0.131287
0 4100 -0.138963
0 4101 -0.0296067
0 4102 0.0482905
0 4103 -0.0196768
0 4104 -0.100441
0 4105 -0.105662
0 4106 -0.0234598
0 4107 -0.0594438
0 4108 -0.0150989
0 4109 0.0437138
0 4110 -0.139906
0 4111 -0.104296
0 4112 0.0550598
0 4113 -0.0313713
0 4114 0.0420944
0 4115 -0.0577348
0 4116 -0.0139803
0 4117 -0.100344
0 4118 -0.0292692
0 4119 -0.0391615
0 4120 -0.0806424
0 4121 -0.123676
0 4122 0.0105306
0 4123 0.173274
0 4124 -0.0532862
0 4125 0.0720234
0 4126 -0.0428028
0 4127 0.00666617
0 4128 -0.0612839
0 4129 -0.0348489
0 4130 0.0331374
0 4131 -0.175014
0 4132 -0.138073
0 4133 -0.00338592
0 4134 -0.171276
0 4135 -0.0667404
0 4136 -0.0508803
0 4137 -0.0428319
0 4138 0.0161198
0 4139 -0.0201841
0 4140 0.0125411
0 4141 0.0861064
0 4142 -0.0125117
0 4143 0.0483357
0 4144 0.0521601
0 4145 -0.0508204
0 4146 -0.181324
0 4147 0.0765306
0 4148 -0.194579
0 4149 -0.0293515
0 4150 -0.0216581
0 4151 0.126036
0 4152 -0.0852596
0 4153 -0.0426942
0 4154 0.113546
0 4155 0.0538078
0 4156 -0.0570092
0 4157 0.0895935
0 4158 0.0707361
0 4159 0.122208
0 4160 -0.0363415
0 4161 0.0110719
0 4162 -0.115643
0 4163 -0.0255927
0 4164 -0.070052
0 4165 -0.0185034
0 4166 0.0811604
0 4167 -0.128445
0 4168 -0.0562446
0 4169 0.0732638
0 4170 0.0122376
0 4171 -0.0596414
0 4172 -0.024956
0 4173 -0.0184321
0 4174 0.0592088
0 4175 0.0831379
0 4176 -0.136518
0 4177 0.119683
0 4178 0.0850695
0 4179 0.0667233
0 4180 -0.026499
0 4181 -0.0708048
0 4182 -0.0627116
0 4183 0.191977
0 4184 -0.0954167
0 4185 0.320342
0 4186 -0.00354813
0 4187 -0.0212529
0 4188 0.0750296
0 4189 0.0574424
0 4190 0.125657
0 4191 0.0366946
0 4192 -0.0064131
0 4193 -0.208292
0 4194 -0.0570636
0 4195 -0.167292
0 4196 0.0078249
0 4197 -0.0886665
0 4198 0.0793903
0 4199 0.0431806
0 4200 0.0461606
0 4201 -0.113283
0 4202 -0.0346693
0 4203 -0.163859
0 4204 -0.0190698
0 4205 -0.167453
0 4206 0.0579456
0 4207 -0.0221014
0 4208 -0.00456846
0 4209 -0.123036
0 4210 0.0198041
0 4211 0.00319277
0 4212 -0.0169719
0 4213 0.00496672
0 4214 -0.0291334
0 4215 0.181415
0 4216 -0.160184
0 4217 0.122811
0 4218 0.0211398
0 4219 0.0208556
0 4220 -0.00394478
0 4221 -0.00821716
0 4222 0.034533
0 4223 -0.0512387
0 4224 -0.263073
0 4225 0.0147441
0 4226 0.174472
0 4227 -0.16456
0 4228 -0.0921381
0 4229 0.0776461
0 4230 0.0664012
0 4231 -0.114292
0 4232 -0.00177613
0 4233 -0.152554
0 4234 -0.0654981
0 4235 -0.0338549
0 4236 -0.0666407
0 4237 -0.00519486
0 4238 0.225869
0 4239 -0.0441435
0 4240 -0.109412
0 4241 0.0646387
0 4242 -0.195959
0 4243 0.0285141
0 4244 -0.206516
0 4245 0.0154122
0 4246 -0.0631993
0 4247 -0.0711124
0 4248 0.0268673
0 4249 -0.105631
0 4250 0.0357917
0 4251 -0.10747
0 4252 0.0972982
0 4253 -0.0729519
0 4254 -0.095817
0 4255 -0.0959031
0 4256 0.0265886
0 4257 -0.0804434
0 4258 0.0733391
0 4259 0.0972077
0 4260 0.0216205
0 4261 -0.0725366
0 4262 0.0256179
0 4263 -0.0568475
0 4264 0.0313155
0 4265 0.142381
0 4266 0.0778286
0 4267 -8.38481e-05
0 4268 0.0524725
0 4269 -0.0967239
0 4270 -0.0151264
0 4271 -0.169824
0 4272 0.0893192
0 4273 -0.033002
0 4274 0.142683
0 4275 -0.114356
0 4276 0.0482962
0 4277 -0.0435037
0 4278 -0.0660058
0 4279 0.172748
0 4280 -0.0168535
0 4281 0.14075
0 4282 -0.0525819
0 4283 0.0232875
0 4284 -0.103492
0 4285 -0.0816932
0 4286 -0.119877
0 4287 -0.0891864
0 4288 0.0256649
0 4289 -0.0139436
0 4290 0.0689158
0 4291 0.0568436
0 4292 0.00466859
0 4293 -0.110168
0 4294 0.118707
0 4295 -0.208859
0 4296 -0.0704008
0 4297 -0.0543879
0 4298 0.00288521
0 4299 0.144712
0 4300 -0.113251
0 4301 0.118808
0 4302 -0.171118
0 4303 0.17184
0 4304 0.039198
0 4305 -0.0108546
0 4306 -0.062231
0 4307 0.00875267
0 4308 0.114186
0 4309 0.0332459
0 4310 -0.0392837
0 4311 0.0819738
0 4312 -0.0463564
0 4313 -0.0545196
0 4314 -0.0365179
0 4315 0.124576
0 4316 0.104628
0 4317 -0.048746
0 4318 0.157403
0 4319 0.14213
0 4320 -0.172481
0 4321 0.20369
0 4322 -0.00830902
0 4323 0.122918
0 4324 -0.0361927
0 4325 0.176196
0 4326 0.0928667
0 4327 -0.276767
0 4328 0.0424367
0 4329 0.0314069
0 4330 0.00189242
0 4331 0.00519558
0 4332 0.201377
0 4333 0.0874126
0 4334 -0.0346546
0 4335 -0.0358313
0 4336 0.0435454
0 4337 -0.104605
0 4338 0.0297007
0 4339 0.18052
0 4340 0.0098715
0 4341 -0.0742793
0 4342 0.0622769
0 4343 -0.0846602
0 4344 -0.0960117
0 4345 0.0835642
0 4346 0.059757
0 4347 -0.057401
0 4348 -0.101802
0 4349 -0.0574238
0 4350 -0.132901
0 4351 0.0193446
0 4352 0.0589911
0 4353 -0.07816
0 4354 -0.0367138
0 4355 -0.0259356
0 4356 0.0827736
0 4357 0.034054
0 4358 0.137395
0 4359 0.129076
0 4360 0.0634869
0 4361 -0.0680785
0 4362 0.0756638
0 4363 -0.119578
0 4364 0.0550323
0 4365 -0.019745
0 4366 -0.00359355
0 4367 0.019683
0 4368 0.0628586
0 4369 0.0159823
0 4370 -0.0226083
0 4371 -0.0429266
0 4372 0.125255
0 4373 0.0787274
0 4374 0.0811989
0 4375 -0.046582
0 4376 -0.0034
0 4377 0.0487292
0 4378 0.116565
0 4379 0.0706107
0 4380 0.0316846
0 4381 -0.16394
0 4382 -0.134686
0 4383 0.114621
0 4384 0.0212943
0 4385 0.194494
0 4386 -0.0435799
0 4387 -0.0252399
0 4388 0.202058
0 4389 0.0451156
0 4390 0.0980958
0 4391 0.0646655
0 4392 0.00666453
0 4393 -0.0458261
0 4394 0.183605
0 4395 0.00498151
0 4396 -0.0481645
0 4397 -0.16936
0 4398 -0.0169704
0 4399 0.0227304
0 4400 0.116046
0 4401 0.16286
0 4402 0.0666991
0 4403 -0.0602451
0 4404 0.00356037
0 4405 0.0369311
0 4406 -0.0103766
0 4407 -0.0491494
0 4408 -0.134033
0 4409 0.149108
0 4410 0.0885786
0 4411 0.164605
0 4412 0.0910534
0 4413 0.071898
0 4414 0.0788947
0 4415 0.0742722
0 4416 0.122377
0 4417 0.0470193
0 4418 -0.101402
0 4419 0.139544
0 4420 -0.192245
0 4421 -0.0115086
0 4422 -0.0698141
0 4423 0.0328352
0 4424 -0.158953
0 4425 -0.00197067
0 4426 -0.220611
0 4427 0.0691994
0 4428 0.0644574
0 4429 0.0587763
0 4430 -0.0816272
0 4431 0.0680189
0 4432 0.0885368
0 4433 -0.0333693
0 4434 -0.0801812
0 4435 -0.061967
0 4436 -0.112852
0 4437 -0.112173
0 4438 -0.232442
0 4439 0.016724
0 4440 0.0506332
0 4441 0.00393258
0 4442 -0.0717507
0 4443 -0.0204447
0 4444 -0.0919289
0 4445 0.146331
0 4446 -0.131631
0 4447 -0.064476
0 4448 0.15946
0 4449 -0.0102266
0 4450 0.0527248
0 4451 -0.0205885
0 4452 -0.126612
0 4453 -0.0116916
0 4454 -0.0929963
0 4455 0.222804
0 4456 0.0406841
0 4457 -0.134804
0 4458 -0.089409
0 4459 -0.103514
0 4460 0.0177338
0 4461 -0.0271213
0 4462 -0.0462743
0 4463 -0.0342698
0 4464 -0.0606266
0 4465 0.0959993
0 4466 -0.100155
0 4467 0.035175
0 4468 -0.0532378
0 4469 -0.00586291
0 4470 0.000350031
0 4471 0.0679933
0 4472 -0.0629469
0 4473 0.0250695
0 4474 0.0284757
0 4475 -0.0665518
0 4476 0.17388
0 4477 0.0395433
0 4478 0.0373013
0 4479 0.157577
0 4480 0.154338
0 4481 0.205254
0 4482 -0.157562
0 4483 0.0764634
0 4484 -0.0247227
0 4485 -0.0793407
0 4486 -0.156676
0 4487 0.113594
0 4488 0.0907047
0 4489 -0.163759
0 4490 0.061008
0 4491 0.048011
0 4492 -0.118749
0 4493 0.0734326
0 4494 -0.232733
0 4495 0.0865438
0 4496 -0.026189
0 4497 0.0448223
0 4498 0.0258528
0 4499 -0.0445851
0 4500 0.00562765
0 4501 -0.0839547
0 4502 0.0373808
0 4503 0.109358
0 4504 0.0820474
0 4505 0.0343825
0 4506 -0.096524
0 4507 0.0734233
0 4508 0.00687984
0 4509 0.0623401
0 4510 -0.0360478
0 4511 -0.0011629
0 4512 0.0469031
0 4513 0.0344143
0 4514 0.00225553
0 4515 -0.014561
0 4516 0.124842
0 4517 0.0217663
0 4518 0.0999306
0 4519 0.075804
0 4520 0.0828732
0 4521 -0.152224
0 4522 0.082079
0 4523 -0.0445709
0 4524 0.152951
0 4525 -0.0284367
0 4526 -0.00181248
0 4527 -0.0143076
0 4528 0.0760309
0 4529 -0.104397
0 4530 -0.0234088
0 4531 0.0243704
0 4532 0.0520129
0 4533 0.0273711
0 4534 -0.0149585
0 4535 -0.0548751
0 4536 0.0677197
0 4537 -0.112208
0 4538 -0.0412715
0 4539 0.059615
0 4540 0.267916
0 4541 -0.0634869
0 4542 0.0758261
0 4543 0.041689
0 4544 0.0822159
0 4545 -0.0491869
0 4546 0.0524698
0 4547 0.00191407
0 4548 0.0300637
0 4549 0.0867896
0 4550 -0.136569
0 4551 0.0706732
0 4552 -0.0571591
0 4553 -0.0215174
0 4554 0.0199854
0 4555 -0.00300024
0 4556 0.024646
0 4557 0.0383999
0 4558 0.0284019
0 4559 -0.0153944
0 4560 0.0279701
0 4561 0.0607537
0 4562 -0.0449948
0 4563 -0.0413019
0 4564 0.128484
0 4565 -0.0752514
0 4566 0.140398
0 4567 -0.0542153
0 4568 0.0281629
0 4569 -0.0474569
0 4570 0.0661577
0 4571 -0.0289053
0 4572 0.115546
0 4573 -0.127584
0 4574 -0.00828964
0 4575 0.0405784
0 4576 0.129799
0 4577 -0.120476
0 4578 0.0762872
0 4579 0.028312
0 4580 0.0570135
0 4581 0.086177
0 4582 -0.0265365
0 4583 -0.0565424
0 4584 -0.0442436
0 4585 -0.010821
0 4586 0.0431663
0 4587 -0.0514622
0 4588 0.0270494
0 4589 0.0364534
0 4590 -0.0380757
0 4591 0.0326065
0 4592 0.0190438
0 4593 -0.0119492
0 4594 -0.0247498
0 4595 -0.0905036
0 4596 -0.0676584
0 4597 0.00304648
0 4598 0.0852695
0 4599 0.0144605
0 4600 -0.0737249
0 4601 0.129412
0 4602 -0.00114929
0 4603 -0.0566592
0 4604 0.137289
0 4605 -0.0902487
0 4606 -0.0306852
0 4607 -0.131844
0 4608 -0.229675
0 4609 -0.139552
0 4610 -0.151805
0 4611 0.0124427
0 4612 0.019392
0 4613 0.0704059
0 4614 0.0605393
0 4615 -0.0563014
0 4616 -0.17964
0 4617 0.272838
0 4618 -0.0565591
0 4619 0.0651132
0 4620 -0.0758717
0 4621 0.091784
0 4622 0.0216755
0 4623 -0.0735093
0 4624 -0.0583546
0 4625 0.151699
0 4626 -0.137413
0 4627 0.149965
0 4628 0.269647
0 4629 0.0390782
0 4630 0.0385401
0 4631 0.155045
0 4632 0.153226
0 4633 0.0113878
0 4634 -0.0566424
0 4635 0.0903284
0 4636 -0.0276315
0 4637 -0.0534938
0 4638 0.0968951
0 4639 -0.140869
0 4640 0.056665
0 4641 0.0645408
0 4642 -0.165223
0 4643 -0.20223
0 4644 0.169113
0 4645 -0.132086
0 4646 0.0528545
0 4647 0.0783259
0 4648 -0.106491
0 4649 -0.225334
0 4650 0.0123924
0 4651 -0.140743
0 4652 -0.0669464
0 4653 0.180376
0 4654 0.0340733
0 4655 -0.125138
0 4656 -0.0423323
0 4657 0.0414773
0 4658 0.059493
0 4659 -0.039118
0 4660 -0.0396611
0 4661 -0.0511267
0 4662 0.0378897
0 4663 -0.0151356
0 4664 0.144244
0 4665 -0.123501
0 4666 -0.0895855
0 4667 -0.0488887
0 4668 0.153117
0 4669 0.0810053
0 4670 0.176077
0 4671 0.122975
0 4672 0.0653332
0 4673 0.00428276
0 4674 -0.140084
0 4675 0.0207836
0 4676 0.152405
0 4677 -0.023119
0 4678 0.121282
0 4679 -0.0370326
0 4680 0.0621011
0 4681 -0.054148
0 4682 0.106218
0 4683 0.0921037
0 4684 0.0612063
0 4685 -0.168608
0 4686 -0.111336
0 4687 0.0277241
0 4688 -0.0443167
0 4689 -0.129018
0 4690 0.000145748
0 4691 0.263719
0 4692 -0.0142218
0 4693 0.101736
0 4694 0.105597
0 4695 0.175364
0 4696 0.0170943
0 4697 0.198908
0 4698 0.12744
0 4699 0.169495
0 4700 0.0868823
0 4701 0.127847
0 4702 0.0758079
0 4703 0.0469343
0 4704 -0.000159504
0 4705 -0.0129794
0 4706 0.109347
0 4707 0.208028
0 4708 0.0662544
0 4709 0.115499
0 4710 0.0233611
0 4711 0.0706508
0 4712 0.108949
0 4713 -0.199049
0 4714 -0.0292866
0 4715 -0.0857984
0 4716 -0.138331
0 4717 0.00446692
0 4718 0.00920603
0 4719 0.186704
0 4720 -0.129081
0 4721 -0.141411
0 4722 -0.108935
0 4723 -0.173188
0 4724 0.0474431
0 4725 0.000486147
0 4726 -0.0489306
0 4727 -0.0077853
0 4728 -0.00515429
0 4729 -0.031626
0 4730 0.0307917
0 4731 -0.21249
0 4732 -0.0530038
0 4733 -0.312136
0 4734 -0.116526
0 4735 0.0930695
0 4736 0.0611458
0 4737 0.0330167
0 4738 0.087748
0 4739 0.0262912
0 4740 -0.110855
0 4741 -0.0816671
0 4742 0.0075294
0 4743 0.0474086
0 4744 0.0836668
0 4745 -0.129626
0 4746 0.0718784
0 4747 0.136293
0 4748 0.0634101
0 4749 -0.17413
0 4750 0.0569415
0 4751 0.0478844
0 4752 0.0114599
0 4753 -0.211136
0 4754 -0.227545
0 4755 -0.220029
0 4756 -0.0307
0 4757 -0.0933492
0 4758 -0.0179568
0 4759 -0.057189
0 4760 -0.107255
0 4761 0.172562
0 4762 -0.127482
0 4763 -0.0368032
0 4764 -0.0854738
0 4765 -0.17191
0 4766 -0.00774797
0 4767 0.0690727
0 4768 -0.122449
0 4769 -0.0171853
0 4770 -0.0351235
0 4771 0.0660355
0 4772 0.00390635
0 4773 0.0976362
0 4774 0.0477912
0 4775 0.042347
0 4776 -0.0431669
0 4777 0.213134
0 4778 -0.0546639
0 4779 -0.147704
0 4780 -0.114942
0 4781 -0.087772
0 4782 0.00774711
0 4783 0.12089
0 4784 -0.0216243
0 4785 0.00603669
0 4786 0.0079732
0 4787 0.0294731
0 4788 0.0845502
0 4789 -0.0391229
0 4790 0.0836731
0 4791 0.116547
0 4792 -0.015162
0 4793 0.205371
0 4794 0.024638
0 4795 -0.244206
0 4796 -0.1119
0 4797 -0.0293484
0 4798 0.0559257
0 4799 0.0525192
0 4800 0.0310724
0 4801 0.0909724
0 4802 -0.0541692
0 4803 -0.0717807
0 4804 -0.258828
0 4805 -0.0929122
0 4806 -0.0934022
0 4807 0.00244722
0 4808 -0.000120414
0 4809 0.160632
0 4810 -0.0307938
0 4811 -0.116618
0 4812 0.050411
0 4813 0.0287065
0 4814 -0.111069
0 4815 -0.0378846
0 4816 0.046269
0 4817 0.0529547
0 4818 0.0289017
0 4819 0.0737761
0 4820 -0.116978
0 4821 -0.0835879
0 4822 -0.093999
0 4823 -0.0631975
0 4824 0.0654769
0 4825 -0.163034
0 4826 -0.0486894
0 4827 0.103893
0 4828 0.0768063
0 4829 -0.15925
0 4830 0.15331
0 4831 0.0839894
0 4832 -0.285603
0 4833 -0.0260305
0 4834 -0.0852801
0 4835 -0.189718
0 4836 0.0506508
0 4837 -0.218165
0 4838 -0.00353617
0 4839 0.0732212
0 4840 0.0141277
0 4841 0.0213049
0 4842 -0.0660323
0 4843 0.0849279
0 4844 0.0720759
0 4845 0.00381774
0 4846 0.0541598
0 4847 -0.115933
0 4848 -0.116418
0 4849 -0.0713367
0 4850 -0.0374778
0 4851 -0.0904616
0 4852 -0.157062
0 4853 -0.00715093
0 4854 -0.120873
0 4855 -0.268147
0 4856 0.0467315
0 4857 -0.204929
0 4858 0.0122458
0 4859 -0.100043
0 4860 0.0730272
0 4861 0.0166915
0 4862 0.0585604
0 4863 -0.0944397
0 4864 -0.0427458
0 4865 0.00422851
0 4866 0.0271841
0 4867 -0.13684
0 4868 0.0686297
0 4869 -0.0690885
0 4870 0.0130121
0 4871 0.20247
0 4872 0.153749
0 4873 0.0299798
0 4874 0.199369
0 4875 0.091344
0 4876 0.0216235
0 4877 -0.0195913
0 4878 -0.114315
0 4879 0.0609663
0 4880 -0.0300004
0 4881 -0.0184298
0 4882 -0.117615
0 4883 0.0846879
0 4884 0.00993637
0 4885 -0.0877194
0 4886 -0.0868776
0 4887 -0.144527
0 4888 -0.0773183
0 4889 0.129909
0 4890 0.0613517
0 4891 0.0147727
0 4892 0.0366104
0 4893 -0.0188955
0 4894 -0.210406
0 4895 -0.0192858
0 4896 0.053136
0 4897 -0.094041
0 4898 0.00684621
0 4899 -0.0944356
0 4900 0.19683
0 4901 0.103077
0 4902 0.0851203
0 4903 0.0770187
0 4904 0.162278
0 4905 0.0950356
0 4906 -0.189849
0 4907 0.00938882
0 4908 0.0326767
0 4909 -0.0477042
0 4910 0.07581
0 4911 -0.0709032
0 4912 -0.0452032
0 4913 0.103553
0 4914 -0.0678082
0 4915 0.167533
0 4916 0.047473
0 4917 0.0678569
0 4918 -0.0428385
0 4919 -0.038431
0 4920 0.0303091
0 4921 0.137198
0 4922 0.0221462
0 4923 -0.0854316
0 4924 0.0924511
0 4925 -0.0487442
0 4926 0.147544
0 4927 0.126394
0 4928 -0.0740264
0 4929 0.00128861
0 4930 -0.0701594
0 4931 0.0447894
0 4932 -0.125599
0 4933 -0.172501
0 4934 0.0566413
0 4935 -0.107931
0 4936 -0.0755547
0 4937 0.0869238
0 4938 -0.03832
0 4939 -0.198649
0 4940 -0.0152484
0 4941 -0.0389563
0 4942 -0.148368
0 4943 -0.0735514
0 4944 -0.00395966
0 4945 0.056603
0 4946 0.174531
0 4947 0.0131814
0 4948 -0.108728
0 4949 -0.0787082
0 4950 -0.0175898
0 4951 -0.162346
0 4952 0.0452423
0 4953 0.187363
0 4954 0.149456
0 4955 0.140441
0 4956 -0.0792407
0 4957 0.0288896
0 4958 -0.101103
0 4959 -0.0720543
0 4960 0.00108931
0 4961 -0.036309
0 4962 -0.0221367
0 4963 0.0612142
0 4964 -0.121064
0 4965 0.0111657
0 4966 -0.106767
0 4967 0.134128
0 4968 0.105005
0 4969 0.0882763
0 4970 0.0116943
0 4971 0.0295204
0 4972 0.101494
0 4973 0.251922
0 4974 -0.0252884
0 4975 0.0795618
0 4976 0.169081
0 4977 -0.0263769
0 4978 -0.177756
0 4979 0.0556713
0 4980 0.185823
0 4981 -0.0146572
0 4982 0.0293893
0 4983 -0.0528759
0 4984 -0.129442
0 4985 -0.068531
0 4986 -0.0295572
0 4987 0.056134
0 4988 -0.0901683
0 4989 -0.0381555
0 4990 0.114785
0 4991 -0.0050725
0 4992 0.113011
0 4993 -0.127753
0 4994 -0.048151
0 4995 0.125724
0 4996 0.0481468
0 4997 -0.120227
0 4998 0.172911
0 4999 -0.0322249
1 0 0.292444
1 1 0.063607
1 2 0.00619004
1 3 -0.21242
1 4 0.0299804
1 5 0.0744614
1 6 0.0865017
1 7 -0.19691
1 8 0.0466772
1 9 -0.104864
1 10 0.188215
1 11 -0.210723
1 12 -0.129852
1 13 -0.294005
1 14 -0.044773
1 15 -0.116821
1 16 0.0784521
1 17 -0.146048
1 18 0.184884
1 19 -0.055889
1 20 0.153731
1 21 -0.0525342
1 22 0.0679773
1 23 0.00449002
1 24 0.274996
1 25 0.00668072
1 26 0.00840497
1 27 -0.00615964
1 28 0.00505981
1 29 -0.0717844
1 30 0.0120517
1 31 0.113453
1 32 0.17918
1 33 -0.0717276
1 34 0.0269007
1 35 0.0226994
1 36 -0.153385
1 37 -0.283513
1 38 -0.152227
1 39 0.246642
1 40 0.019149
1 41 0.119481
1 42 -0.178276
1 43 0.129796
1 44 0.152648
1 45 -0.225099
1 46 -0.155132
1 47 -0.064864
1 48 0.00368526
1 49 0.0340517
1 50 0.222969
1 51 0.316077
1 52 0.0928703
1 53 0.133551
1 54 -0.134113
1 55 0.259109
1 56 0.249026
1 57 0.15725
1 58 -0.127446
1 59 0.146088
1 60 -0.191937
1 61 -0.0390506
1 62 0.104992
1 63 -0.00941453
1 64 0.0245803
1 65 0.230849
1 66 0.0898012
1 67 0.133355
1 68 -0.177878
1 69 0.239183
1 70 0.121603
1 71 -0.27463
1 72 0.0474961
1 73 0.218559
1 74 -0.22191
1 75 -0.129855
1 76 -0.156581
1 77 0.101907
1 78 0.124819
1 79 0.150483
1 80 -0.187175
1 81 -0.0364644
1 82 -0.0208227
1 83 0.105389
1 84 -0.109375
1 85 -0.162495
1 86 -0.0937452
1 87 -0.0399482
1 88 -0.0688921
1 89 -0.0120646
1 90 0.0531692
1 91 0.138686
1 92 -0.0710781
1 93 0.118271
1 94 0.0293936
1 95 -0.317045
1 96 -0.0358279
1 97 0.335515
1 98 -0.0986802
1 99 0.320021
1 100 0.193797
1 101 0.302353
1 102 0.103483
1 103 -0.0403432
1 104 0.0872207
1 105 -0.00338688
1 106 0.0715198
1 107 -0.234112
1 108 -0.0282496
1 109 -0.055819
1 110 -0.325096
1 111 -0.251711
1 112 -0.2311
1 113 -0.0959155
1 114 -0.0178121
1 115 -0.0855104
1 116 -0.0453189
1 117 -0.112116
1 118 0.155435
1 119 -0.18894
1 120 0.101326
1 121 0.128606
1 122 -0.109507
1 123 0.0138108
1 124 -0.0914964
1 125 -0.0204324
1 126 -0.276496
1 127 -0.0690257
1 128 0.18934
1 129 -0.227073
1 130 0.0304487
1 131 -0.0997742
1 132 0.0470368
1 133 0.0667931
1 134 -0.119732
1 135 0.0827712
1 136 -0.146955
1 137 0.0394804
1 138 -0.0767629
1 139 -0.048811
1 140 0.282081
1 141 -0.0919052
1 142 0.162442
1 143 0.0685423
1 144 0.166797
1 145 -0.140966
1 146 0.137026
1 147 0.0682053
1 148 0.0779581
1 149 0.152526
1 150 -0.13039
1 151 0.100495
1 152 0.210078
1 153 -0.125917
1 154 -0.100048
1 155 0.12586
1 156 -0.100113
1 157 0.0165156
1 158 0.119199
1 159 0.0694629
1 160 0.042958
1 161 0.266218
1 162 0.011541
1 163 -0.133366
1 164 0.107989
1 165 -0.238019
1 166 0.301082
1 167 0.234077
1 168 -0.129297
1 169 -0.00885478
1 170 0.110347
1 171 0.0292528
1 172 0.0432777
1 173 -0.107105
1 174 -0.11099
1 175 -0.0836274
1 176 -0.0999394
1 177 0.0181656
1 178 -0.0332678
1 179 -0.0371725
1 180 0.285843
1 181 -0.00164143
1 182 0.128407
1 183 0.164295
1 184 -0.383669
1 185 -0.0485587
1 186 0.175424
1 187 -0.198027
1 188 -0.140665
1 189 -0.156864
1 190 0.095232
1 191 0.248904
1 192 0.015053
1 193 -0.0533203
1 194 0.0174078
1 195 0.1609
1 196 0.0215865
1 197 0.0521182
1 198 0.0914601
1 199 0.0402892
1 200 -0.132272
1 201 0.110947
1 202 -0.0177719
1 203 -0.00379331
1 204 0.10234
1 205 0.232855
1 206 -0.0706744
1 207 0.105123
1 208 0.106832
1 209 -0.00517796
1 210 -0.0821205
1 211 0.205244
1 212 -0.0379066
1 213 0.0699446
1 214 0.0841991
1 215 -0.0086807
1 216 -0.086222
1 217 -0.293268
1 218 -0.0618241
1 219 0.0526023
1 220 -0.000830335
1 221 -0.160175
1 222 0.0847713
1 223 -0.177607
1 224 -0.0158981
1 225 0.15246
1 226 -0.0675832
1 227 0.111012
1 228 -0.0400029
1 229 0.0838235
1 230 0.408994
1 231 -0.0575833
1 232 0.172713
1 233 0.0248484
1 234 -0.0166265
1 235 -0.0394781
1 236 -0.347059
1 237 -0.32162
1 238 0.093063
1 239 -0.101395
1 240 0.142064
1 241 0.155529
1 242 -0.103321
1 243 -0.120828
1 244 0.184606
1 245 -0.139661
1 246 -0.113302
1 247 -0.0212739
1 248 0.0664746
1 249 -0.104799
1 250 0.0229941
1 251 0.111088
1 252 0.0125645
1 253 0.0324378
1 254 -0.116973
1 255 -0.0400422
1 256 0.183775
1 257 0.127157
1 258 0.035149
1 259 -0.193497
1 260 0.0574198
1 261 0.32894
1 262 -0.0310855
1 263 0.0155676
1 264 -0.276373
1 265 0.0475487
1 266 -0.0605469
1 267 0.289875
1 268 0.106958
1 269 -0.0608378
1 270 -0.0436295
1 271 -0.266359
1 272 -0.0283299
1 273 -0.00131768
1 274 0.0351504
1 275 -0.245924
1 276 -0.0360607
1 277 0.0752294
1 278 -0.0563111
1 279 0.282519
1 280 0.0159325
1 281 -0.00502575
1 282 -0.0468685
1 283 -0.0595917
1 284 0.107415
1 285 -0.164001
1 286 0.0122489
1 287 0.0895624
1 288 -0.0672622
1 289 0.0803051
1 290 -0.437791
1 291 -0.147515
1 292 -0.1691
1 293 -0.0872284
1 294 0.246853
1 295 0.357411
1 296 0.10172
1 297 -0.146405
1 298 -0.127486
1 299 0.0903577
1 300 0.103413
1 301 0.064776
1 302 0.203975
1 303 -0.0959653
1 304 -0.175374
1 305 -0.0955606
1 306 0.0227117
1 307 0.0386605
1 308 -0.0355719
1 309 -0.0184395
1 310 -0.115412
1 311 0.272335
1 312 0.146814
1 313 0.00138002
1 314 -0.0672807
1 315 -0.157475
1 316 -0.00752245
1 317 0.0892121
1 318 -0.217677
1 319 0.104156
1 320 -0.0821535
1 321 -0.0734638
1 322 -0.209692
1 323 0.137606
1 324 -0.105403
1 325 0.0469186
1 326 -0.0501067
1 327 0.125401
1 328 -0.0470547
1 329 -0.262966
1 330 -0.0362119
1 331 -0.0316133
1 332 -0.209606
1 333 0.130955
1 334 -0.275664
1 335 0.0455638
1 336 0.0339979
1 337 -0.158379
1 338 -0.207692
1 339 -0.235137
1 340 -0.0703922
1 341 -0.219272
1 342 0.100245
1 343 0.176927
1 344 0.0506273
1 345 0.0230409
1 346 -0.0384187
1 347 0.0283862
1 348 0.0453885
1 349 -0.0662685
1 350 0.0569883
1 351 -0.0873732
1 352 -0.142268
1 353 -0.0962275
1 354 0.137684
1 355 -0.0602526
1 356 -0.13432
1 357 -0.0694996
1 358 0.0901307
1 359 0.149969
1 360 0.293201
1 361 0.0938112
1 362 0.0828124
1 363 -0.236903
1 364 0.0677324
1 365 -0.0289501
1 366 0.0374053
1 367 -0.225593
1 368 -0.0437971
1 369 -0.0179437
1 370 -0.367767
1 371 0.0238585
1 372 0.221139
1 373 0.0436185
1 374 0.244514
1 375 -0.149593
1 376 -0.0914905
1 377 -0.185301
1 378 0.0550047
1 379 0.0959651
1 380 0.0257026
1 381 0.139554
1 382 -0.22457
1 383 -0.11125
1 384 0.0737382
1 385 0.0230907
1 386 0.0445375
1 387 0.095723
1 388 -0.0951833
1 389 -0.327194
1 390 -0.342307
1 391 -0.100929
1 392 0.0468166
1 393 -0.128503
1 394 0.0576044
1 395 0.139718
1 396 0.09051
1 397 -0.13467
1 398 0.318011
1 399 -0.00929375
1 400 -0.120354
1 401 -0.109198
1 402 -0.168921
1 403 -0.0700848
1 404 -0.106688
1 405 -0.0551295
1 406 0.0520323
1 407 -0.215092
1 408 0.0514708
1 409 -0.184153
1 410 0.0174431
1 411 -0.11993
1 412 -0.0598316
1 413 0.0258993
1 414 0.124164
1 415 0.13876
1 416 0.0119096
1 417 -0.145591
1 418 0.0110428
1 419 -0.0785319
1 420 0.0741252
1 421 0.33854
1 422 0.0026889
1 423 -0.104108
1 424 0.150715
1 425 0.237628
1 426 -0.186129
1 427 -0.102053
1 428 -0.298539
1 429 -0.0264783
1 430 0.0556908
1 431 0.0426173
1 432 -0.0863118
1 433 0.0724909
1 434 0.0681691
1 435 0.159339
1 436 -0.0411706
1 437 -0.0991264
1 438 0.278734
1 439 0.172742
1 440 0.00841593
1 441 -0.101871
1 442 0.12973
1 443 -0.157448
1 444 -0.0332569
1 445 -0.0838293
1 446 -0.223688
1 447 -0.0513331
1 448 -0.269869
1 449 -0.112075
1 450 0.0636791
1 451 0.0552117
1 452 0.162377
1 453 0.220824
1 454 0.132197
1 455 0.102755
1 456 -0.099074
1 457 0.0551423
1 458 -0.00638674
1 459 0.145194
1 460 -0.219789
1 461 -0.21459
1 462 0.0821477
1 463 0.144325
1 464 0.182453
1 465 0.033929
1 466 0.0391201
1 467 -0.0142553
1 468 0.0326038
1 469 0.0806226
1 470 -0.0271574
1 471 -0.115369
1 472 0.0107001
1 473 0.0119422
1 474 -0.242338
1 475 -0.084766
1 476 0.0264891
1 477 -0.0781263
1 478 0.139546
1 479 -0.14184
1 480 0.091672
1 481 0.162907
1 482 0.0899423
1 483 0.304115
1 484 0.0983066
1 485 -0.122488
1 486 -0.130768
1 487 -0.129297
1 488 0.0830349
1 489 -0.166895
1 490 -0.0505154
1 491 -0.0654145
1 492 0.035128
1 493 0.266355
1 494 0.035868
1 495 0.116301
1 496 0.0584516
1 497 0.105906
1 498 0.137078
1 499 0.0196011
2 0 0.0290655
2 1 0.609208
2 2 0.0654036
2 3 0.18724
2 4 0.584589
2 5 0.403255
2 6 0.810737
2 7 0.32891
2 8 -0.0215232
2 9 -0.0923699
2 10 -0.00492643
2 11 0.0156889
2 12 -0.156352
2 13 -0.344567
2 14 0.240051
2 15 0.00431218
2 16 -0.11958
2 17 -0.219429
2 18 0.369452
2 19 0.0655098
2 20 0.353061
2 21 -0.149584
2 22 -0.154172
2 23 -0.314976
2 24 0.379491
2 25 -0.0631143
2 26 -0.114351
2 27 -0.207343
2 28 0.0882922
2 29 -0.723145
2 30 -0.0803009
2 31 0.280391
2 32 -0.148208
2 33 -0.182391
2 34 -0.210199
2 35 0.130307
2 36 0.214308
2 37 0.257278
2 38 0.527141
2 39 0.24812
2 40 -0.0119866
2 41 -0.241464
2 42 0.103625
2 43 0.0992536
2 44 0.0848151
2 45 -0.281972
2 46 -0.397263
2 47 0.242432
2 48 0.2464
2 49 -0.583691
2 50 -0.106885
2 51 -0.558032
2 52 -0.32559
2 53 -0.504257
2 54 0.0448958
2 55 -0.0929826
2 56 0.0227068
2 57 -0.326195
2 58 0.00337718
2 59 -0.108492
2 60 0.110243
2 61 0.164176
2 62 -0.0669279
2 63 -0.240627
2 64 -0.305243
2 65 -0.17949
2 66 -0.173619
2 67 -0.16298
2 68 -0.072928
2 69 0.134364
2 70 0.299024
2 71 -0.29498
2 72 -0.183642
2 73 0.629807
2 74 0.0364487
2 75 -0.200184
2 76 -0.0875266
2 77 -0.123699
2 78 0.14065
2 79 -0.479943
2 80 -0.362907
2 81 -0.243032
2 82 0.0311434
2 83 0.0586627
2 84 -0.0821496
2 85 -0.024738
2 86 0.366856
2 87 0.0391541
2 88 -0.559462
2 89 -0.326437
2 90 0.056323
2 91 -0.222194
2 92 0.150688
2 93 0.169682
2 94 -0.0149996
2 95 0.133925
2 96 -0.0809777
2 97 0.230829
2 98 -0.0219503
2 99 0.46096
-
0 0 1.2599
0 1 0.898914
0 2 -1.62046
0 3 -1.5391
0 4 -0.81106
0 5 0.421837
0 6 0.151135
0 7 -0.150979
0 8 -0.403428
0 9 1.75339
0 10 0.694995
0 11 0.406284
0 12 -0.185102
0 13 0.306869
0 14 -0.624726
0 15 0.961508
0 16 -1.3727
0 17 -0.68659
0 18 0.125226
0 19 0.326182
0 20 -0.0871704
0 21 0.178223
0 22 -2.44409
0 23 -0.262612
0 24 1.02735
0 25 0.832727
0 26 0.146033
0 27 -0.0387776
0 28 0.429407
0 29 0.776232
0 30 -1.0199
0 31 0.461824
0 32 0.86035
0 33 1.47588
0 34 0.687807
0 35 1.34239
0 36 -0.120657
0 37 0.274839
0 38 -0.226924
0 39 -0.589224
0 40 1.06955
0 41 0.423684
0 42 -0.582396
0 43 -0.561795
0 44 1.2207
0 45 0.319247
0 46 -0.20442
0 47 0.9888
0 48 0.611924
0 49 -0.595246
0 50 -0.798345
0 51 -0.0466436
0 52 -0.709332
0 53 -0.864924
0 54 -0.699518
0 55 0.487324
0 56 0.974424
0 57 0.66759
0 58 -0.891865
0 59 -0.41154
0 60 1.26779
0 61 -1.56796
0 62 0.38219
0 63 0.446527
0 64 -0.319296
0 65 -0.127894
0 66 0.408127
0 67 -0.00239657
0 68 -0.795076
0 69 -0.0290054
0 70 0.222723
0 71 1.4929
0 72 -0.879958
0 73 -0.0274524
0 74 -1.26934
0 75 0.734126
0 76 -0.161396
0 77 0.600366
0 78 0.26297
0 79 0.591244
0 80 -0.709204
0 81 -0.474568
0 82 1.05499
0 83 1.52812
0 84 -1.50587
0 85 -0.00645199
0 86 0.802744
0 87 0.499408
0 88 -1.47027
0 89 0.218301
0 90 0.669124
0 91 0.311574
0 92 1.24734
0 93 0.604001
0 94 1.52354
0 95 -0.105207
0 96 0.0135757
0 97 0.497788
0 98 -1.40034
0 99 -0.788917
1 0 -0.268613
1 1 -0.692299
1 2 -0.210665
1 3 -0.559717
1 4 1.28348
1 5 0.506719
1 6 0.653608
1 7 1.63665
1 8 1.61189
1 9 1.57654
1 10 -0.597706
1 11 -1.61943
1 12 -0.164822
1 13 -0.199175
1 14 -0.58542
1 15 0.975976
1 16 0.339666
1 17 -0.172069
1 18 -0.0348255
1 19 0.0537044
1 20 -0.225839
1 21 0.950004
1 22 -0.944876
1 23 -0.0645682
1 24 0.246547
1 25 0.0121938
1 26 -0.700164
1 27 -0.00242959
1 28 1.50911
1 29 1.5262
1 30 0.821213
1 31 0.160488
1 32 -0.833777
1 33 -0.158506
1 34 0.302415
1 35 -0.111339
1 36 -0.348192
1 37 0.466393
1 38 -1.01231
1 39 -0.66568
1 40 0.696682
1 41 -0.976632
1 42 -1.25174
1 43 -0.479735
1 44 -0.528881
1 45 -0.0457537
1 46 0.393975
1 47 -0.930549
1 48 -2.20418
1 49 -0.971383
2 0 0.293459
2 1 1.63197
2 2 0.868497
2 3 -0.395648
2 4 -1.31292
2 5 -1.02742
2 6 -2.56562
2 7 -1.24836
2 8 0.8911
2 9 -0.712561
3 0 0.0943257
3 1 1.82521
3 2 0.0507186
3 3 -0.164927
3 4 -0.113579
3 5 1.72899
3 6 0.318147
3 7 0.153869
3 8 -0.810637
3 9 -1.07951
